18.46033
10.89015
12.49019
20.30037
15.87027
12.7102
30.2706
28.63056
26.1705
23.70045
21.28039
16.34028
10.62015
35.11012
29.65058
22.61042
11.96018
24.06046
16.59028
12.13018
13.72022
26.0305
20.22037
25.29048
21.40039
18.59033
15.64026
12.9402
10.18014
13.42021
11.94018
10.87015
10.20014
11.60017
13.18021
11.97018
12.7802
11.57017
13.17021
13.43021
10.54015
11.79017
18.15032
13.68022
11.72017
17.2203
13.1102
10.73015
25.60049
14.25023
25.9905
21.5604
17.1403
12.8902
11.97018
23.31044
19.95036
18.37033
14.57024
12.50019
28.34055
25.59049
23.26044
21.37039
18.57033
17.05029
13.73022
31.07062
28.77056
26.66051
24.00045
18.58033
12.15018
27.88054
24.68047
22.17041
18.90034
14.50024
11.77017
38.47955
36.42989
34.75018
32.2406
24.58047
22.45042
14.17023
41.57903
39.00946
36.26992
34.17027
19.53035
26.83052
22.15041
16.27028
10.95016
23.73045
11.25016
26.1405
21.01039
15.74026
12.61019
21.89041
13.61022
11.05016
12.55019
29.39058
24.63047
22.22041
19.80036
18.11032
15.19025
12.7202
12.56019
10.64015
10.94016
10.92015
11.01016
12.7702
13.83022
12.47019
10.11014
11.97018
13.73022
11.12016
10.17014
20.78038
17.2703
13.93022
11.77017
25.20048
22.30042
19.48035
17.1003
13.81022
10.34014
27.43053
24.01045
20.74038
16.88029
13.41021
26.1305
22.99043
12.9502
19.96036
14.32023
13.86022
12.9402
12.8602
10.32014
13.19021
11.36016
11.79017
25.76049
24.92048
22.64042
20.06036
16.85029
13.84022
10.87015
13.19021
32.08062
11.46017
24.53047
21.7804
19.85036
11.76017
24.47046
22.12041
20.23037
17.55031
14.98025
12.48019
23.72045
17.2303
10.67015
29.08057
26.50051
23.84045
21.12039
18.96034
15.77027
13.18021
23.85045
16.06027
27.80054
24.46046
21.6404
19.12034
17.2903
15.36026
28.15055
13.94022
26.2305
19.05034
11.96018
19.17034
10.54015
26.0905
18.74033
11.49017
18.92034
11.53017
24.05046
17.3503
17.73031
12.8402
11.86018
11.64017
11.89018
13.62022
10.87015
10.73015
13.94022
12.53019
12.29019
9.900131
12.7302
10.81015
10.79015
9.710127
12.53019
11.55017
13.61022
10.12014
17.3303
14.22023
10.48014
10.64015
10.19014
12.7802
10.18014
9.980133
12.57019
11.74017
13.27021
10.14014
11.06016
12.7702
21.27039
18.65033
16.27028
13.43021
12.24018
25.31048
14.80024
24.21046
21.27039
18.63033
15.60026
12.67019
10.52015
23.69045
13.51021
23.41044
20.75038
18.23032
14.81024
11.91018
22.00041
12.34019
12.28019
10.00013
30.1906
27.31053
16.06027
23.27044
21.28039
19.14034
17.3603
14.85024
13.78022
10.98016
25.16048
15.18025
24.33046
22.73042
20.09036
22.49042
12.9702
31.32062
30.00059
15.88027
10.20014
41.07911
39.03946
37.49971
35.2101
33.75034
31.48063
28.27055
25.70049
23.48044
21.6004
19.24035
16.85029
15.01025
12.7002
13.21021
10.81015
11.62017
12.17018
11.02016
12.22018
13.30021
11.09016
12.8302
13.53021
11.30016
9.990133
10.01013
18.03032
25.02048
21.27039
16.03027
10.76015
22.04041
25.9405
21.27039
16.60028
24.11046
10.46014
21.97041
18.97034
15.84027
12.55019
25.58049
20.99039
15.54026
11.69017
26.90052
23.46044
20.11036
17.1903
14.61024
23.52044
18.50033
13.52021
28.40055
25.19048
21.6004
18.06032
15.89027
11.69017
29.51058
24.29046
19.05034
33.29042
15.04025
10.76015
11.79017
10.60015
13.54021
20.04036
16.61028
13.84022
13.0602
27.85054
25.45049
22.78043
20.32037
17.92031
16.06027
14.00023
10.58015
27.62054
24.16046
21.33039
18.65033
14.63024
11.15016
26.44051
24.31046
21.21039
18.31032
14.22023
25.65049
21.6404
24.94048
18.41033
11.99018
10.95016
11.90018
11.57017
12.46019
12.44019
12.16018
10.01013
18.40033
15.11025
11.82018
25.28048
22.02041
18.16032
14.22023
10.72015
29.21057
25.63049
22.32042
18.50033
14.97025
12.56019
24.58047
21.03039
17.1803
13.22021
9.780128
25.75049
22.26041
18.88034
15.13025
12.08018
9.950132
25.33048
21.8304
17.70031
12.25019
11.00016
20.49037
16.10027
10.65015
25.8105
23.19044
20.16037
17.69031
14.78024
11.85018
25.79049
21.05039
15.64026
10.78015
26.55051
23.78045
21.12039
18.55033
15.64026
13.70022
10.18014
25.8505
21.03039
15.91027
10.48014
24.55047
21.90041
19.57035
12.17018
9.86013
10.42014
10.16014
9.950132
10.62015
10.86015
11.51017
10.73015
19.34035
17.3703
14.71024
12.06018
24.31046
22.21041
20.40037
18.52033
16.34028
14.41023
12.06018
31.04062
28.72056
26.1505
23.15043
20.31037
17.2803
10.68015
29.56058
26.38051
20.37037
15.56026
12.09018
23.33044
19.98036
17.0703
14.27023
13.0402
28.45056
26.2205
24.20046
22.00041
19.56035
13.87022
29.22057
25.06048
22.05041
20.00036
17.52031
14.78024
11.71017
29.50058
24.42046
20.01036
15.77027
26.80052
24.06046
21.27039
18.86034
15.94027
13.44021
13.86022
29.90059
25.8005
20.91038
15.66026
10.75015
27.50053
10.27014
10.56015
19.82036
13.45021
26.1105
22.98043
19.71036
16.77029
13.68022
10.56015
29.24057
23.44044
17.3203
11.09016
25.63049
22.89043
19.57035
17.1303
13.29021
11.38017
24.31046
17.99032
12.39019
23.71045
20.51037
17.62031
11.79017
12.16018
13.68022
10.02013
9.750128
11.95018
20.35037
16.67029
11.25016
26.47051
23.95045
22.26041
19.95036
17.61031
15.39026
13.14021
27.73054
23.36044
19.08034
13.66022
27.71054
25.26048
21.93041
19.18034
16.64029
14.38023
13.1202
28.70056
23.89045
19.01034
13.18021
25.69049
23.45044
20.48037
17.92031
11.24016
26.85052
24.23046
21.5804
18.69033
16.11027
13.76022
10.59015
10.29014
20.33037
17.57031
15.33026
12.64019
10.33014
22.92043
16.90029
10.98016
26.50051
23.67045
18.21032
15.55026
12.7902
13.0002
13.37021
12.56019
11.65017
10.97016
13.22021
10.78015
10.41014
13.97022
12.39019
13.54021
13.85022
12.8302
10.30014
11.37016
11.97018
21.40039
17.70031
14.68024
12.46019
10.66015
12.18018
12.64019
10.06013
10.95016
11.50017
11.73017
11.79017
9.640125
12.02018
10.72015
10.33014
18.71033
17.0903
14.38023
11.59017
25.75049
23.81045
21.06039
18.18032
15.79027
12.45019
10.77015
29.67058
27.75054
25.08048
22.27041
20.14037
16.77029
26.0705
22.55042
18.91034
16.45028
12.25019
30.4306
27.76054
17.98032
15.81027
12.9602
11.20016
12.06018
25.78049
18.16032
9.980133
24.99048
22.52042
19.64035
17.4603
14.57024
19.26035
10.21014
26.98052
24.25046
21.7404
18.85034
16.27028
13.59022
19.47035
11.90018
28.13055
25.65049
19.00034
14.74024
10.96016
26.48051
24.31046
22.10041
20.31037
19.14034
16.72029
14.24023
12.26019
25.8305
21.5404
17.04029
11.69017
28.78056
26.41051
23.41044
20.09036
18.39033
15.34026
13.17021
27.77054
23.16043
18.33032
13.89022
29.01057
24.68047
20.30037
18.27032
13.93022
13.0102
10.36014
10.29014
11.74017
10.21014
12.29019
11.68017
9.940132
11.15016
11.56017
13.67022
17.73031
15.61026
14.35023
12.07018
10.57015
12.05018
10.16014
10.14014
14.08023
11.66017
10.02013
11.20016
10.64015
10.45014
12.34019
13.32021
12.8302
13.80022
11.69017
10.36014
10.70015
13.34021
13.25021
11.44017
21.7204
18.81034
16.09027
13.20021
11.92018
10.56015
19.84036
17.1103
13.83022
13.66022
28.36055
25.22048
22.70042
19.24035
16.26028
13.28021
29.06057
25.74049
23.63045
20.40037
13.0402
13.0302
32.58054
18.21032
25.00048
20.85038
16.86029
12.54019
10.72015
31.58063
19.99036
10.62015
25.19048
20.84038
16.76029
13.78022
9.890131
13.0202
23.97045
15.12025
13.0102
10.60015
10.89015
9.880131
10.69015
12.06018
9.790129
10.63015
12.52019
11.57017
21.28039
24.05046
21.7704
19.38035
17.1503
14.92025
13.65022
11.25016
12.32019
12.21018
11.74017
20.71038
12.23018
27.10052
21.94041
16.57028
10.71015
24.17046
15.13025
11.05016
25.63049
20.52037
15.90027
10.77015
19.48035
11.54017
26.39051
22.06041
16.61028
19.03034
13.82022
10.49014
10.62015
12.19018
10.66015
9.930132
11.42017
9.820129
18.42033
15.50026
12.46019
10.56015
24.24046
20.40037
17.1403
13.20021
10.11014
24.51047
21.4304
18.99034
15.82027
13.67022
11.73017
24.57047
21.5404
17.78031
13.91022
10.32014
24.39046
21.04039
18.10032
15.08025
11.59017
9.890131
26.24051
22.03041
17.4403
21.8104
18.71033
16.55028
13.14021
10.07014
12.48019
12.36019
13.48021
12.29019
24.87047
23.06043
20.19037
17.3403
14.68024
11.54017
13.52021
12.9102
28.92057
10.56015
25.25048
22.30042
19.03034
16.52028
13.42021
11.01016
25.46049
22.69042
20.91038
17.90031
15.15025
13.53021
27.10052
24.84047
21.6604
18.68033
14.77024
11.69017
29.44058
26.41051
23.29044
18.87034
16.17027
13.43021
26.0705
23.00043
19.36035
16.16027
13.27021
28.07055
24.93048
22.16041
19.54035
16.23028
28.38055
26.0505
29.28057
22.14041
15.18025
11.42017
11.56017
11.52017
10.96016
10.50014
17.86031
10.35014
11.10016
13.39021
12.10018
24.47046
20.44037
16.65029
13.33021
25.77049
18.67033
12.18018
28.21055
24.11046
20.38037
16.37028
12.05018
24.51047
17.0803
10.17014
25.49049
21.26039
17.78031
13.0202
21.5104
13.88022
10.87015
12.25019
10.06013
12.7502
12.7702
11.91018
10.95016
9.870131
13.99022
12.32019
12.02018
9.910131
10.47014
20.87038
18.08032
15.15025
12.40019
11.65017
9.710127
13.18021
12.47019
10.98016
10.98016
12.06018
9.700127
11.21016
10.43014
9.910131
11.78017
12.7802
10.97016
18.59033
15.19025
13.23021
10.45014
27.69054
17.3703
26.1005
22.10041
18.31032
14.45024
13.50021
17.81031
14.38023
20.75038
19.66035
17.3203
15.14025
13.0202
12.61019
10.32014
11.89018
11.61017
10.98016
13.43021
13.36021
11.21016
11.83018
11.57017
10.24014
12.28019
10.79015
13.55021
11.08016
11.01016
10.55015
9.910131
18.86034
17.1503
14.52024
11.85018
10.56015
23.50044
18.59033
14.04023
24.63047
21.99041
20.26037
16.76029
14.97025
11.57017
26.1505
21.4604
16.49028
13.40021
25.30048
22.88043
21.02039
18.41033
15.34026
11.76017
27.00052
21.5504
16.09027
26.53051
23.92045
19.91036
16.03027
11.97018
11.44017
10.88015
12.17018
12.67019
10.15014
13.39021
12.15018
11.36016
13.1002
13.30021
10.87015
19.58035
16.62029
13.47021
10.13014
13.43021
10.78015
10.42014
10.72015
12.56019
11.01016
11.12016
9.670126
9.790129
11.67017
11.17016
10.26014
17.00029
12.14018
10.88015
10.49014
10.33014
28.02055
26.1105
21.19039
16.10027
27.30053
19.27035
16.69029
14.77024
11.76017
9.670126
29.62058
26.0305
22.64042
19.07034
15.50026
12.20018
25.8105
23.05043
20.38037
18.02032
14.70024
12.26019
10.08014
28.30055
24.97048
21.42039
17.97032
14.24023
10.80015
26.42051
23.79045
20.08036
17.71031
15.04025
12.67019
9.900131
27.42053
24.32046
20.37037
16.47028
12.52019
10.59015
23.35044
17.2003
12.25019
26.0505
24.22046
21.20039
18.40033
14.96025
12.11018
10.24014
25.53049
19.01034
12.47019
22.38042
19.85036
16.95029
15.27025
12.7202
26.90052
20.59038
14.75024
28.25055
25.34048
22.61042
17.95032
13.21021
12.62019
13.22021
11.55017
11.25016
12.11018
12.62019
12.36019
12.52019
9.990133
22.58042
18.36032
15.07025
10.70015
9.890131
11.14016
13.68022
12.49019
10.09014
11.24016
18.48033
15.00025
13.58022
10.72015
10.78015
12.42019
13.0902
11.71017
11.24016
10.71015
13.62022
11.19016
10.54015
26.75052
22.26041
18.73033
15.90027
13.21021
12.31019
26.1005
23.36044
19.62035
16.84029
13.32021
27.82054
25.08048
21.5304
18.84034
16.54028
14.12023
29.09057
26.0705
22.80043
18.99034
16.81029
13.72022
28.57056
25.74049
23.05043
19.73036
16.91029
13.66022
28.44056
25.24048
20.43037
16.69029
13.78022
26.43051
23.99045
18.53033
15.24025
11.78017
13.18021
25.15048
14.46024
24.22046
21.02039
17.55031
14.71024
13.33021
26.45051
16.90029
27.09052
23.41044
20.10036
16.49028
13.88022
26.67052
16.56028
13.51021
11.32016
28.32055
23.13043
20.97038
18.85034
16.63029
13.91022
11.89018
29.86059
27.38053
25.34048
22.79043
20.40037
17.67031
12.7602
29.09057
27.19053
21.5404
16.63029
14.48024
11.86018
25.31048
22.78043
20.28037
17.1003
14.44024
11.98018
27.41053
24.98048
22.96043
20.34037
17.98032
14.94025
9.950132
18.62033
16.88029
14.12023
12.07018
10.00013
25.69049
21.93041
17.3803
11.75017
28.09055
25.08048
22.60042
20.03036
18.08032
15.62026
27.11053
22.36042
17.70031
13.14021
29.41058
26.76052
23.22044
19.45035
11.49017
11.34016
12.9402
22.05041
18.64033
15.88027
12.50019
12.8002
11.19016
13.66022
12.49019
11.13016
10.63015
12.9502
9.580124
10.57015
9.970133
10.19014
12.33019
18.64033
26.92052
12.32019
11.38017
10.93015
10.03013
19.46035
17.4203
15.70026
12.7702
10.50014
24.64047
22.29041
20.22037
17.2403
14.15023
13.0302
20.12037
18.55033
16.69029
14.13023
28.74056
26.43051
23.98045
21.5804
19.30035
16.93029
31.02061
28.42056
26.32051
17.4403
11.88018
29.10057
22.43042
15.74026
12.48019
26.27051
20.03036
13.57022
13.18021
25.19048
19.00034
12.19018
21.20039
15.06025
12.32019
27.63054
21.4504
17.2803
11.47017
9.85013
9.900131
10.09014
23.98045
20.22037
16.41028
12.44019
24.79047
22.62042
20.63038
18.56033
16.06027
13.30021
10.44014
30.60061
27.47053
22.93043
18.54033
14.61024
28.39055
26.24051
22.97043
19.70036
15.12025
11.93018
30.2506
25.05048
18.87034
15.12025
25.8105
23.66045
13.35021
10.31014
13.1002
10.70015
28.03055
11.75017
20.20037
18.81034
16.63029
14.78024
12.47019
10.49014
28.72056
25.9705
23.57044
20.48037
17.92031
14.87024
27.74054
25.56049
22.56042
18.98034
16.33028
13.29021
11.94018
30.2806
26.97052
23.33044
19.81036
15.39026
26.33051
21.6504
17.3503
15.16025
29.28057
26.0505
15.19025
10.22014
12.7702
10.55015
11.34016
12.19018
10.62015
10.61015
20.11036
17.0803
14.30023
26.62051
24.43046
22.85043
20.53037
17.94032
15.86027
12.9002
31.24062
28.08055
23.84045
18.43033
15.61026
11.70017
27.33053
24.79047
22.67042
19.71036
17.55031
14.90025
11.63017
28.12055
24.42046
20.07036
16.75029
12.7102
28.06055
26.38051
23.45044
19.45035
14.70024
10.72015
10.57015
9.880131
12.26019
20.81038
24.50047
20.24037
15.92027
11.55017
11.60017
20.05036
25.59049
21.92041
17.50031
19.09034
14.30023
12.7202
10.41014
19.32035
13.50021
10.26014
10.71015
10.82015
11.14016
21.31039
18.47033
15.61026
12.8002
25.34048
22.29041
20.17037
16.87029
13.72022
11.00016
29.61058
26.69052
23.68045
20.31037
17.4003
13.73022
11.18016
28.22055
25.21048
22.05041
19.57035
16.04027
13.36021
27.48053
24.43046
19.73036
16.58028
13.0802
26.70052
24.55047
21.24039
17.55031
13.92022
11.54017
11.21016
10.24014
26.61051
14.79024
26.1105
23.03043
20.09036
17.64031
14.42023
12.7102
12.19018
26.34051
14.64024
25.17048
22.41042
19.78036
17.0603
14.18023
13.84022
23.93045
17.93032
15.82027
13.0902
10.94016
10.60015
20.76038
12.01018
26.0805
23.51044
21.15039
19.16034
17.53031
15.04025
12.36019
12.8702
10.89015
21.27039
13.83022
25.8505
23.57044
21.14039
19.40035
17.1203
14.70024
19.59035
17.62031
15.78027
13.44021
12.8302
29.18057
23.02043
17.66031
10.94016
29.45058
27.11053
20.28037
14.15023
38.64952
36.30991
33.72035
10.18014
19.48035
14.92025
10.70015
26.96052
23.38044
19.81036
16.40028
12.66019
11.48017
23.48044
18.89034
13.74022
24.45046
20.70038
17.2203
13.66022
28.35055
22.77043
17.3703
12.47019
29.66058
25.9705
22.81043
18.82034
26.0205
19.95036
16.34028
12.7202
13.38021
12.11018
13.37021
12.65019
11.12016
11.53017
10.47014
27.38053
24.25046
20.25037
16.71029
13.39021
20.98038
18.30032
15.58026
13.17021
12.35019
30.09059
24.31046
18.76033
13.66022
25.34048
22.84043
20.42037
17.65031
15.10025
13.71022
27.32053
21.5804
16.11027
27.38053
24.90047
21.92041
19.90036
16.84029
14.00023
32.2406
26.62051
21.16039
14.92025
11.26016
30.10059
20.25037
13.58022
20.37037
17.56031
14.75024
11.95018
12.9502
29.36058
22.65042
16.06027
10.65015
25.49049
22.96043
20.16037
17.3203
14.31023
20.45037
18.56033
16.61028
14.24023
12.58019
11.05016
12.06018
11.82018
12.8102
12.31019
11.32016
9.680126
10.34014
10.40014
9.930132
11.27016
18.65033
25.00048
23.33044
20.91038
18.91034
16.71029
14.76024
13.0102
13.69022
13.58022
20.21037
13.42021
28.56056
24.01045
19.78036
15.58026
11.61017
19.78036
10.64015
25.37049
21.94041
17.4403
13.17021
18.94034
34.80017
11.50017
13.20021
10.30014
13.27021
11.56017
10.50014
11.28016
9.960133
12.31019
13.36021
10.77015
9.870131
10.40014
10.43014
19.65035
14.67024
14.08023
11.28016
29.06057
15.83027
25.05048
20.14037
15.50026
10.74015
11.84018
28.10055
15.37026
24.11046
19.07034
14.36023
11.43017
12.54019
22.95043
20.65038
18.32032
15.77027
13.71022
26.39051
23.36044
20.37037
16.55028
13.77022
31.09062
28.51056
26.35051
22.56042
19.75036
17.4503
14.86024
11.72017
31.24062
28.19055
25.10048
19.73036
15.30025
12.22018
24.33046
21.7704
19.85036
17.63031
15.19025
27.43053
24.02045
17.60031
13.42021
26.26051
20.64038
15.38026
27.08052
22.65042
18.54033
13.74022
10.56015
30.3606
24.88047
19.73036
14.83024
23.17043
18.72033
14.56024
11.79017
28.39055
23.76045
18.35032
13.52021
24.93048
18.18032
16.65029
13.84022
13.23021
10.74015
11.59017
12.62019
11.64017
11.43017
12.8002
12.30019
13.31021
10.57015
10.88015
11.98018
10.57015
12.7902
13.15021
11.89018
13.26021
11.74017
11.80017
19.73036
16.13027
13.90022
10.00013
27.72054
23.89045
20.40037
16.62029
12.52019
25.32048
22.01041
18.17032
14.12023
11.93018
27.85054
24.36046
20.95038
16.76029
17.2903
10.76015
13.78022
11.76017
27.19053
10.96016
20.64038
14.09023
10.82015
13.24021
22.65042
16.53028
14.39023
12.41019
26.2305
23.07043
20.25037
16.70029
13.24021
28.17055
25.49049
22.95043
20.09036
18.64033
15.47026
11.85018
31.61063
28.30055
24.90047
21.5504
17.71031
11.69017
29.05057
25.9605
21.07039
16.90029
14.44024
11.27016
26.42051
23.39044
18.84034
15.72026
13.67022
11.20016
11.61017
30.3606
20.22037
11.90018
25.67049
22.60042
21.05039
18.75033
16.38028
13.70022
24.94048
16.61028
27.60054
25.20048
22.66042
20.33037
18.34032
16.11027
13.44021
30.83061
23.17043
14.93025
30.08059
28.00055
25.37049
22.71042
16.89029
13.28021
11.24016
13.93022
10.30014
10.96016
11.81017
10.43014
10.47014
10.93015
17.94032
15.12025
11.78017
21.7804
18.88034
14.42023
11.01016
25.71049
14.47024
24.59047
20.52037
17.55031
13.0102
24.22046
12.7502
27.59054
23.87045
19.68036
15.56026
11.28016
20.70038
12.60019
10.89015
11.85018
13.59022
31.27062
26.42051
23.73045
21.7504
19.44035
17.1303
15.16025
14.00023
10.81015
13.0102
11.64017
13.92022
11.62017
12.14018
11.54017
13.13021
12.55019
10.95016
12.9402
23.47044
15.92027
12.9102
10.81015
11.83018
11.88018
12.8302
10.24014
9.960133
12.68019
9.920132
12.19018
10.20014
12.44019
11.13016
9.910131
10.87015
11.77017
12.8502
12.61019
10.07014
10.82015
9.630125
13.29021
10.01013
19.16034
17.69031
14.49024
13.40021
26.64051
24.86047
23.14043
21.01039
18.57033
16.15027
28.91057
26.77052
24.26046
20.92038
16.83029
12.03018
32.66053
28.49056
23.95045
21.12039
17.85031
14.86024
27.08052
24.02045
19.46035
24.84047
20.42037
15.85027
11.49017
9.630125
9.900131
13.35021
12.18018
13.43021
13.60022
10.93015
11.62017
18.48033
15.62026
12.7402
13.60022
13.48021
12.56019
11.47017
10.93015
13.34021
12.13018
10.63015
12.05018
11.59017
12.53019
12.13018
10.56015
10.36014
10.73015
10.01013
13.25021
9.890131
22.86043
19.36035
16.05027
12.8102
24.55047
21.93041
18.85034
16.26028
12.51019
30.98061
26.96052
23.05043
19.58035
16.22028
12.15018
28.83056
26.29051
23.85045
19.16034
16.04027
13.0202
25.74049
23.18044
19.76036
15.10025
9.970133
29.62058
26.39051
23.12043
18.50033
15.23025
12.26019
11.86018
12.03018
13.73022
26.0605
11.76017
17.4603
14.74024
12.56019
11.55017
11.49017
24.83047
16.60028
13.94022
11.38017
9.780128
12.38019
10.58015
9.990133
13.0702
13.19021
12.23018
12.40019
12.10018
13.59022
12.21018
10.84015
13.65022
11.80017
9.85013
11.88018
11.67017
16.82029
14.15023
11.44017
10.48014
26.1305
19.81036
13.51021
26.92052
24.24046
21.09039
19.11034
15.82027
12.53019
10.79015
28.92057
22.92043
15.93027
10.46014
25.9905
22.54042
19.76036
16.97029
13.98022
11.04016
12.09018
25.8005
19.25035
24.10046
20.67038
17.4103
14.18023
13.66022
10.29014
12.26019
11.12016
11.04016
11.02016
10.00013
10.73015
11.42017
11.16016
13.45021
10.19014
21.6404
18.34032
14.90025
13.79022
11.99018
12.38019
10.91015
11.83018
12.41019
11.27016
10.19014
11.52017
12.16018
12.28019
16.75029
14.59024
11.50017
10.47014
11.43017
11.09016
10.95016
13.89022
12.25019
12.42019
12.31019
11.27016
9.920132
10.80015
11.44017
11.22016
12.58019
20.93038
18.50033
15.52026
12.9402
12.27019
29.18057
26.49051
23.30044
20.59038
17.2703
14.87024
27.30053
24.13046
20.96038
17.79031
15.40026
29.63058
26.62051
22.79043
16.41028
12.10018
28.08055
22.83043
20.08036
17.2403
14.33023
27.66054
25.01048
22.13041
18.57033
13.34021
31.23062
21.7204
12.7602
18.18032
10.33014
26.62051
18.71033
13.36021
24.50047
15.18025
11.24016
27.24053
19.08034
12.51019
12.08018
10.46014
22.27041
18.83034
15.81027
12.45019
10.66015
24.87047
22.67042
20.70038
18.43033
15.89027
13.24021
12.02018
25.57049
22.71042
19.19034
15.21025
11.47017
27.97054
24.60047
21.29039
18.77033
16.50028
13.0202
10.44014
28.60056
25.61049
21.8104
18.68033
16.37028
26.62051
24.30046
22.21041
16.51028
11.33016
9.940132
11.87018
10.53015
12.9702
11.73017
10.91015
9.84013
19.58035
16.20028
13.0902
11.81017
10.09014
10.61015
10.49014
10.63015
10.23014
11.31016
12.26019
12.52019
10.78015
13.55021
10.42014
13.94022
11.31016
11.87018
11.07016
22.09041
19.02034
15.97027
13.0502
10.04013
23.96045
20.41037
17.1403
13.45021
11.01016
27.58054
24.51047
21.42039
18.55033
15.22025
12.67019
28.75056
24.43046
20.46037
16.55028
14.00023
10.03013
28.03055
25.17048
22.72042
19.30035
15.80027
22.94043
16.67029
13.83022
12.8202
10.15014
10.37014
13.77022
26.25051
10.92015
26.86052
23.38044
20.86038
16.93029
13.34021
10.97016
11.32016
10.86015
12.42019
26.87052
16.50028
14.12023
11.87018
25.69049
24.01045
21.33039
18.34032
16.17027
12.8802
30.13059
27.31053
24.62047
22.00041
19.68036
16.82029
12.07018
30.4906
27.65054
23.51044
19.06034
16.01027
12.31019
11.69017
29.14057
25.70049
10.20014
13.63022
11.57017
10.81015
13.29021
9.670126
10.95016
12.30019
20.28037
14.62024
13.67022
10.82015
13.39021
11.69017
11.86018
12.56019
11.55017
11.58017
10.30014
13.28021
24.26046
20.54037
17.64031
14.43023
10.22014
25.9105
21.7804
18.31032
14.20023
10.30014
25.24048
21.4804
17.77031
14.02023
11.05016
24.13046
20.31037
16.18027
12.60019
24.42046
21.34039
17.75031
14.20023
12.7402
28.47056
25.30048
21.16039
11.85018
12.68019
11.97018
11.33016
10.29014
13.95022
10.62015
10.14014
20.73038
18.34032
16.30028
14.02023
11.96018
10.25014
12.9102
11.41017
20.47037
17.2403
12.40019
25.21048
22.90043
20.41037
18.12032
12.9602
16.46028
27.77054
23.51044
19.59035
15.73026
12.8402
28.85056
26.1805
18.33032
10.66015
25.21048
21.4604
17.4903
13.39021
10.10014
10.62015
27.78054
21.09039
13.92022
23.82045
20.63038
16.72029
12.60019
10.72015
29.51058
22.22041
15.79027
11.24016
25.55049
21.7904
18.65033
16.93029
14.03023
12.12018
26.96052
24.58047
22.13041
20.01036
17.4203
15.40026
13.40021
30.4006
28.21055
25.15048
21.7604
18.44033
13.24021
29.47058
26.36051
19.75036
15.44026
13.37021
26.75052
23.97045
21.4904
18.59033
16.42028
12.9102
11.99018
31.31062
28.93057
26.67052
24.32046
21.92041
13.90022
23.63045
19.85036
17.1103
14.88025
12.03018
11.14016
28.87057
25.04048
20.69038
16.50028
12.22018
26.40051
23.46044
20.53037
17.57031
14.29023
27.52053
23.28044
18.98034
14.80024
30.5906
27.71054
24.90047
21.8604
19.59035
16.42028
11.04016
31.76063
27.44053
21.32039
15.34026
14.04023
13.34021
12.09018
13.37021
11.74017
12.7002
12.6902
11.43017
12.57019
10.22014
10.77015
10.02013
9.900131
11.69017
12.36019
12.48019
11.69017
10.27014
10.29014
12.43019
18.63033
13.65022
10.72015
28.78056
18.75033
9.870131
27.43053
22.60042
18.05032
13.99022
10.97016
11.27016
26.0005
15.81027
23.58044
18.47033
26.45051
20.93038
19.23034
16.58028
14.13023
12.67019
10.08014
10.18014
10.82015
10.21014
10.42014
12.9502
12.52019
12.52019
10.62015
11.05016
11.58017
13.71022
11.01016
12.18018
10.93015
10.67015
10.58015
19.01034
11.86018
26.34051
20.27037
14.77024
28.96057
21.95041
15.26025
11.08016
30.13059
24.16046
18.08032
11.44017
21.95041
14.95025
27.82054
18.35032
11.06016
11.13016
10.88015
10.75015
23.43044
19.68036
15.92027
12.16018
9.730127
11.70017
10.15014
9.85013
10.57015
11.96018
11.85018
9.770128
11.17016
10.28014
17.97032
15.58026
13.87022
11.53017
12.05018
11.65017
11.96018
25.13048
25.36049
23.06043
20.09036
17.3503
14.75024
11.77017
10.19014
13.14021
34.09029
16.10027
24.81047
21.93041
19.44035
16.79029
21.6004
19.04034
17.4303
14.73024
12.43019
11.58017
10.87015
12.18018
11.58017
10.36014
11.80017
10.72015
9.950132
11.76017
9.780128
12.58019
10.86015
13.65022
11.59017
10.52015
18.15032
15.62026
12.25019
11.24016
26.92052
19.30035
10.93015
26.72052
23.44044
20.38037
18.57033
15.20025
12.05018
9.85013
17.1603
14.50024
11.43017
37.41973
12.50019
20.11036
17.61031
14.71024
11.69017
10.25014
26.0005
21.7904
18.13032
13.42021
26.25051
23.95045
20.82038
17.81031
14.63024
11.57017
29.04057
24.40046
19.62035
15.73026
27.22053
24.55047
21.6404
18.74033
15.37026
11.82018
30.5906
26.1005
21.09039
23.96045
21.01039
18.32032
15.73026
13.15021
11.17016
10.81015
12.9402
11.99018
12.67019
11.70017
12.19018
10.21014
12.64019
11.25016
10.83015
9.920132
12.60019
13.82022
13.82022
21.18039
18.67033
15.56026
12.64019
27.28053
24.47046
22.14041
20.15037
13.79022
17.4903
28.64056
26.32051
23.13043
19.90036
17.4603
14.59024
11.23016
31.52063
28.89057
25.24048
22.85043
24.61047
21.5604
16.13027
11.91018
9.780128
36.50988
33.59037
28.04055
24.60047
21.7404
18.80033
11.78017
18.70033
13.18021
29.21057
15.57026
21.5404
24.72047
22.54042
20.15037
17.77031
15.44026
13.66022
11.47017
10.43014
9.620125
10.57015
9.900131
12.32019
12.19018
11.99018
10.74015
10.78015
13.53021
11.04016
11.20016
11.10016
11.92018
13.70022
19.97036
14.85024
11.09016
26.26051
21.8204
17.05029
12.57019
23.62045
18.19032
13.15021
9.940132
27.60054
22.67042
17.89031
13.32021
22.59042
17.95032
12.60019
27.40053
22.57042
18.19032
22.82043
20.93038
18.26032
15.99027
13.33021
10.88015
13.80022
11.27016
11.82018
11.29016
11.10016
10.08014
11.81017
10.61015
12.8202
10.81015
11.62017
10.80015
11.65017
10.14014
12.9302
10.66015
13.32021
20.93038
17.95032
15.51026
12.14018
27.29053
25.03048
22.58042
19.64035
16.63029
13.87022
13.65022
22.12041
19.51035
16.92029
14.28023
13.87022
28.40055
25.8105
22.76043
11.32016
11.13016
10.22014
12.7102
11.78017
12.50019
10.60015
20.96038
12.7202
24.84047
22.26041
19.37035
16.73029
14.25023
11.49017
24.61047
16.60028
10.02013
27.14053
24.33046
22.13041
19.41035
16.59028
14.85024
11.88018
22.23041
14.66024
24.83047
22.21041
19.38035
13.0602
22.34042
18.81034
15.11025
11.47017
11.23016
27.28053
21.91041
15.84027
10.76015
25.26048
21.6504
18.71033
14.68024
11.94018
10.33014
26.24051
20.72038
14.56024
24.75047
20.82038
17.1503
13.41021
13.44021
31.97064
25.63049
26.70052
23.61045
20.71038
17.69031
14.70024
11.70017
11.72017
12.36019
9.970133
10.12014
9.950132
14.00023
12.12018
11.52017
9.84013
10.15014
9.86013
9.710127
19.71036
10.29014
30.14059
25.69049
21.7904
17.54031
13.44021
13.52021
19.59035
25.06048
20.70038
17.0803
27.93054
14.85024
12.44019
11.05016
10.06013
28.29055
23.75045
12.27019
13.56021
24.49047
22.61042
19.44035
16.46028
13.81022
10.00013
27.89054
25.16048
22.04041
18.72033
15.74026
11.48017
25.9805
23.25044
19.24035
16.95029
13.57022
10.17014
27.23053
24.72047
21.4904
18.07032
14.92025
10.98016
26.34051
23.63045
20.53037
17.70031
14.08023
25.43049
22.96043
18.26032
14.08023
13.13021
13.36021
26.57051
14.92025
25.48049
21.41039
17.4203
13.49021
10.63015
10.40014
26.36051
14.49024
21.8604
18.06032
14.35023
11.78017
24.33046
17.84031
15.67026
13.68022
11.75017
11.84018
9.650126
20.16037
9.650126
11.09016
13.17021
12.35019
10.10014
11.73017
21.35039
23.09043
21.09039
19.34035
14.00023
12.46019
12.06018
11.25016
11.30016
12.28019
12.9802
11.90018
10.20014
10.16014
17.66031
14.57024
12.56019
10.26014
11.98018
13.94022
12.8202
12.7402
13.45021
10.10014
10.48014
13.77022
10.48014
10.74015
13.23021
21.96041
18.73033
15.70026
12.7202
11.52017
10.11014
13.42021
10.99016
11.19016
10.70015
10.33014
11.66017
12.58019
12.6902
9.880131
11.59017
11.39017
18.58033
15.29025
12.02018
11.53017
11.96018
12.8302
11.81017
12.32019
27.34053
24.57047
21.94041
18.28032
14.91025
12.66019
10.79015
11.41017
10.78015
11.16016
13.45021
10.84015
20.37037
25.70049
23.46044
21.5004
19.26035
16.91029
14.88025
12.8902
10.76015
29.66058
17.3003
24.15046
20.43037
17.04029
14.53024
12.67019
12.22018
24.30046
15.13025
12.35019
11.09016
13.0702
25.64049
20.37037
14.71024
25.74049
22.81043
20.03036
17.3103
15.19025
12.48019
28.47056
23.13043
16.72029
27.24053
23.84045
21.02039
18.29032
15.84027
12.8602
12.47019
32.34058
26.41051
20.25037
14.22023
25.55049
22.60042
20.32037
18.40033
15.74026
13.16021
10.93015
11.73017
12.8502
11.65017
11.70017
11.29016
13.80022
12.31019
12.8002
13.0402
12.67019
10.52015
10.46014
11.20016
11.87018
11.17016
12.08018
11.51017
22.90043
19.96036
16.17027
12.40019
22.59042
16.13027
11.27016
27.65054
24.08046
20.35037
16.85029
13.58022
10.68015
21.32039
14.43023
10.21014
25.17048
22.11041
18.58033
15.72026
12.56019
20.77038
9.940132
19.73036
15.45026
13.32021
29.34058
26.38051
23.44044
20.14037
17.2003
14.06023
12.18018
27.78054
23.85045
19.77036
15.68026
11.35016
26.47051
23.10043
19.97036
17.1203
13.66022
25.43049
20.70038
16.55028
12.61019
28.09055
25.38049
22.63042
19.89036
12.14018
9.870131
10.00013
13.50021
10.04013
10.65015
13.34021
9.900131
12.32019
9.950132
9.620125
9.83013
10.27014
11.43017
10.14014
20.49037
21.7704
19.65035
17.61031
16.23028
13.78022
11.70017
9.730127
23.43044
10.98016
25.70049
23.33044
21.22039
19.32035
16.95029
14.51024
13.1002
10.93015
10.55015
20.00036
14.74024
10.48014
26.69052
22.58042
18.60033
15.17025
11.03016
23.25044
17.65031
12.29019
24.80047
21.03039
16.87029
12.67019
9.940132
18.48033
17.00029
14.77024
12.64019
11.36016
14.01023
11.62017
11.90018
11.28016
12.36019
13.1102
14.00023
11.60017
10.83015
12.57019
11.05016
13.64022
12.23018
13.25021
10.87015
10.22014
11.21016
11.76017
12.24018
20.69038
17.70031
15.01025
11.54017
29.45058
25.9605
23.68045
20.09036
25.25048
22.50042
17.57031
12.8802
33.26043
29.56058
24.87047
21.6304
18.78033
15.22025
29.10057
26.0405
22.17041
18.95034
14.83024
12.52019
29.47058
26.38051
22.66042
19.31035
28.68056
18.77033
11.43017
13.66022
10.42014
12.34019
11.32016
10.91015
20.86038
17.01029
13.19021
10.44014
26.58051
24.13046
21.97041
19.69036
17.74031
14.94025
12.8102
24.71047
21.01039
17.85031
13.44021
27.09052
24.81047
22.52042
19.99036
16.80029
14.36023
12.55019
31.04062
27.18053
23.09043
20.32037
15.70026
10.09014
30.01059
27.08052
22.83043
11.80017
21.14039
15.51026
11.51017
20.57038
15.09025
11.17016
26.95052
21.12039
14.93025
27.16053
21.6604
17.01029
37.61969
11.43017
18.48033
16.81029
14.54024
12.7602
23.68045
20.63038
16.54028
12.58019
10.45014
28.02055
25.28048
22.87043
20.06036
17.75031
14.98025
12.9102
23.18044
19.08034
16.08027
13.46021
26.70052
23.95045
21.5104
18.31032
15.33026
13.36021
27.38053
23.68045
20.49037
15.79027
29.62058
26.62051
20.70038
16.62029
12.34019
12.9902
11.82018
10.30014
12.19018
11.17016
11.27016
10.09014
14.04023
12.62019
14.02023
10.23014
23.06043
17.95032
15.39026
12.9902
10.43014
25.75049
22.93043
20.31037
17.57031
14.50024
11.00016
28.08055
25.54049
22.78043
19.81036
17.60031
15.28025
28.23055
25.25048
11.30016
18.85034
16.89029
28.78056
18.44033
10.10014
9.920132
13.61022
11.30016
13.0902
10.51015
13.13021
10.53015
20.91038
16.82029
13.25021
26.54051
24.15046
22.42042
20.28037
17.84031
15.27025
13.53021
10.55015
32.38057
28.48056
24.82047
21.04039
17.1603
11.25016
28.92057
26.67052
23.54044
17.72031
12.7402
10.52015
23.36044
18.29032
14.13023
12.8102
24.47046
22.32042
20.47037
15.49026
11.47017
11.66017
10.53015
12.8102
11.27016
11.12016
13.1002
11.43017
11.91018
11.62017
10.47014
11.48017
12.61019
17.96032
16.17027
13.84022
12.08018
10.36014
10.61015
10.18014
11.44017
10.33014
10.26014
10.89015
12.40019
12.50019
12.33019
10.44014
11.68017
10.68015
11.07016
10.28014
11.49017
12.34019
10.21014
9.730127
12.8902
10.89015
10.68015
11.30016
9.83013
9.690126
20.03036
23.25044
20.83038
18.35032
15.24025
12.29019
20.19037
10.29014
33.70035
23.22044
12.7502
22.55042
13.32021
11.61017
25.8305
15.69026
20.64038
11.05016
28.85056
19.31035
15.96027
13.84022
10.78015
25.42049
22.31042
19.38035
16.92029
13.28021
28.70056
26.40051
23.73045
20.87038
18.19032
16.68029
29.61058
26.83052
22.78043
18.86034
14.77024
29.99059
26.42051
22.02041
17.82031
15.55026
13.73022
11.10016
27.61054
24.54047
21.6404
18.00032
15.12025
25.10048
23.26044
16.73029
11.39017
26.84052
24.15046
20.86038
17.66031
14.83024
12.59019
26.72052
21.7004
17.4103
11.56017
27.43053
24.07046
20.60038
17.61031
14.57024
12.9402
27.20053
22.08041
17.3503
12.12018
25.73049
22.98043
19.80036
16.80029
13.23021
10.87015
12.09018
32.06063
25.40049
22.42042
19.12034
15.73026
12.16018
10.49014
11.29016
19.14034
15.79027
12.61019
24.04045
20.02036
16.00027
12.29019
11.13016
10.19014
12.8502
10.98016
9.760128
10.55015
12.09018
9.670126
12.9602
12.51019
18.32032
16.02027
14.13023
12.15018
11.62017
11.14016
11.33016
10.19014
27.58054
13.90022
24.71047
22.51042
20.64038
18.27032
16.34028
14.09023
12.29019
13.0002
12.27019
25.25048
11.63017
24.91047
21.7204
19.55035
17.54031
15.40026
12.7002
11.45017
22.50042
19.71036
17.57031
14.64024
11.83018
29.05057
21.4804
17.83031
14.06023
12.8002
43.86864
26.1105
22.07041
58.98611
56.95645
54.8468
32.92048
28.55056
24.03045
63.95527
60.48586
59.11609
19.51035
68.99633
66.20573
62.10558
57.90629
53.49703
47.54803
32.19061
23.54044
15.21025
10.19014
11.50017
10.25014
18.62033
15.89027
13.39021
11.69017
10.73015
11.21016
11.91018
12.7102
10.20014
11.42017
10.79015
10.60015
12.38019
10.74015
13.54021
12.52019
12.53019
23.26044
18.81034
14.81024
11.16016
26.97052
23.50044
20.19037
16.92029
13.48021
13.0002
25.67049
21.6404
17.0903
13.40021
25.52049
22.26041
18.70033
15.44026
11.40017
27.90054
23.56044
19.29035
14.79024
11.12016
27.68054
24.18046
20.97038
29.98059
13.64022
10.77015
11.08016
12.63019
12.07018
10.55015
10.50014
10.55015
10.50014
12.36019
12.26019
11.41017
10.64015
10.33014
9.86013
12.14018
10.13014
12.9702
18.45033
13.34021
11.64017
12.15018
27.42053
14.19023
18.79033
13.69022
10.71015
11.30016
26.0705
15.40026
14.09023
11.50017
10.89015
26.0105
24.39046
22.16041
20.13037
17.66031
15.52026
12.63019
28.41055
26.49051
24.35046
20.79038
17.68031
14.59024
10.48014
29.75059
26.91052
22.92043
19.08034
15.31026
12.01018
26.45051
20.68038
17.1903
14.73024
12.7802
11.48017
27.33053
25.09048
22.75043
20.35037
17.88031
27.36053
21.17039
16.37028
12.9502
11.22016
11.68017
10.57015
12.52019
11.99018
12.7002
13.1102
10.16014
17.4903
11.19016
11.07016
12.31019
10.55015
10.67015
10.16014
13.91022
14.02023
22.12041
19.87036
16.79029
13.72022
11.66017
25.43049
12.32019
24.89047
22.27041
19.15034
16.25028
13.1002
12.02018
21.06039
12.15018
27.09052
24.22046
16.83029
11.61017
11.05016
12.63019
10.12014
29.74059
9.940132
26.1105
20.75038
15.37026
13.21021
17.63031
15.38026
12.8102
11.16016
9.720127
10.02013
13.67022
12.7602
10.27014
11.48017
10.86015
10.76015
12.05018
11.85018
13.17021
10.76015
9.660126
10.72015
13.57022
12.46019
10.43014
9.740128
19.39035
24.82047
18.94034
12.8202
26.0005
12.07018
28.58056
22.48042
16.68029
12.30019
9.620125
18.42033
15.50026
12.9502
12.9902
10.55015
27.01052
23.88045
20.39037
16.40028
12.8502
21.7704
18.63033
15.93027
12.9202
10.51015
27.13053
23.83045
20.34037
16.62029
14.13023
24.57047
21.31039
15.36026
11.43017
9.890131
11.21016
9.960133
10.32014
12.67019
13.0502
13.23021
30.3406
27.73054
23.63045
19.67035
15.80027
20.74038
17.97032
14.97025
12.32019
12.04018
23.65045
10.29014
25.51049
22.95043
19.89036
16.97029
14.11023
12.11018
11.13016
20.12037
11.76017
27.00052
24.06046
21.17039
18.52033
15.68026
12.60019
21.01039
18.07032
15.39026
12.57019
13.47021
30.3406
23.18044
15.68026
29.00057
25.9605
23.13043
20.50037
17.78031
15.21025
11.95018
28.40055
20.67038
12.8302
23.88045
20.76038
17.82031
15.03025
11.98018
13.32021
25.8705
18.45033
16.05027
14.81024
12.56019
10.56015
21.35039
12.49019
25.54049
23.46044
21.26039
19.57035
17.4203
15.52026
12.8302
11.19016
23.12043
13.83022
23.33044
21.6004
19.60035
17.63031
15.62026
13.28021
10.93015
12.10018
10.23014
10.01013
10.82015
12.27019
12.9602
10.42014
10.47014
12.15018
11.55017
18.93034
17.03029
14.84024
12.60019
13.33021
11.22016
13.95022
11.59017
13.78022
12.00018
12.9802
10.65015
10.08014
10.64015
12.03018
11.33016
12.7702
11.13016
13.17021
11.46017
11.84018
13.87022
10.64015
9.920132
22.36042
19.56035
16.14027
13.0602
10.10014
28.91057
26.53051
24.58047
22.08041
19.29035
16.47028
14.53024
12.18018
26.93052
23.46044
20.01036
15.72026
11.37016
26.49051
24.19046
18.08032
13.87022
11.95018
22.36042
19.43035
16.17027
12.8002
27.29053
25.18048
22.77043
20.53037
17.1703
13.81022
12.40019
13.19021
34.65019
12.07018
24.28046
21.29039
18.42033
15.76027
13.15021
11.43017
14.01023
10.72015
13.19021
12.8202
26.41051
24.69047
22.22041
19.45035
16.55028
21.99041
19.46035
17.0803
14.92025
12.58019
10.41014
13.16021
10.54015
12.7702
10.27014
12.64019
10.18014
12.19018
10.94016
12.9102
10.52015
10.35014
9.880131
19.78036
10.17014
28.48056
21.91041
15.73026
11.35016
18.74033
28.44056
22.37042
15.72026
26.30051
12.8302
11.66017
23.08043
19.67035
15.80027
12.04018
28.66056
24.56047
20.20037
15.98027
12.51019
27.13053
24.07046
21.04039
17.1203
12.9502
10.43014
27.23053
23.19044
19.13034
15.24025
10.74015
24.85047
20.89038
17.4203
14.19023
10.46014
25.17048
22.07041
12.48019
10.49014
11.91018
11.56017
12.31019
13.20021
10.32014
20.24037
13.79022
27.11053
24.52047
22.05041
19.64035
17.2503
14.63024
11.96018
25.19048
16.98029
27.65054
24.87047
22.36042
19.06034
16.72029
14.22023
13.0902
29.03057
20.41037
12.22018
10.33014
28.55056
26.53051
24.41046
16.16027
26.92052
25.37049
22.68042
20.36037
17.97032
15.86027
14.01023
12.17018
28.10055
20.24037
12.65019
25.06048
23.27044
21.6304
19.67035
17.1703
15.24025
13.63022
24.07046
17.1103
12.26019
28.15055
25.79049
24.16046
21.6104
18.24032
21.12039
18.85034
16.86029
14.79024
12.32019
9.980133
12.19018
12.68019
11.79017
13.0802
10.72015
10.26014
10.89015
12.34019
11.71017
10.20014
20.76038
22.99043
20.79038
18.76033
16.57028
14.65024
12.37019
11.96018
18.61033
14.43023
11.89018
23.83045
20.13037
15.85027
11.80017
25.35048
21.27039
17.1403
13.18021
11.88018
27.74054
24.36046
19.94036
16.14027
13.17021
26.0805
21.7604
18.40033
13.89022
10.13014
27.83054
23.79045
19.93036
12.9002
20.47037
16.73029
12.9102
11.14016
27.60054
24.11046
20.86038
17.78031
14.43023
11.05016
25.9505
22.01041
18.11032
13.81022
9.890131
26.55051
23.29044
19.76036
16.74029
12.8302
11.13016
25.8305
21.87041
18.16032
14.01023
10.51015
25.55049
21.8104
11.29016
24.72047
21.38039
18.36032
15.22025
12.42019
9.900131
11.61017
24.28046
14.94025
23.25044
19.81036
17.62031
14.36023
11.40017
12.7602
29.05057
19.39035
10.09014
26.37051
22.92043
19.74036
20.82038
18.92034
16.62029
14.63024
12.00018
12.9402
12.41019
12.22018
9.83013
12.22018
12.18018
12.9402
10.51015
12.22018
10.27014
13.29021
13.0602
13.61022
12.38019
12.65019
11.86018
9.890131
9.870131
12.51019
10.44014
12.59019
11.60017
17.69031
11.98018
13.85022
12.46019
11.99018
11.54017
10.90015
10.40014
12.24018
23.41044
20.02036
16.56028
13.0402
25.8805
24.00045
21.5004
19.29035
16.67029
14.79024
12.8602
28.79056
25.02048
21.37039
17.73031
14.04023
11.48017
28.20055
26.0405
23.75045
21.38039
18.58033
16.37028
12.7102
27.32053
23.01043
18.22032
14.04023
25.8205
23.18044
29.78059
15.23025
11.71017
9.970133
12.8802
12.8402
9.730127
21.04039
16.38028
11.92018
10.17014
25.27048
23.56044
21.18039
18.66033
15.55026
13.1102
10.32014
24.82047
20.45037
16.31028
13.88022
26.85052
24.03045
21.6404
18.19032
15.11025
12.24018
27.02052
22.19041
17.71031
13.84022
11.09016
12.9202
12.8802
11.63017
11.05016
17.3303
16.00027
13.59022
11.04016
13.42021
13.23021
12.45019
10.49014
11.08016
12.29019
11.45017
10.75015
13.47021
12.45019
13.65022
13.62022
12.06018
10.53015
11.00016
11.70017
12.53019
21.41039
17.0603
13.19021
10.50014
12.20018
12.02018
11.79017
12.68019
10.37014
11.69017
10.61015
12.17018
10.59015
19.50035
11.77017
10.96016
21.7504
18.84034
16.08027
13.37021
10.55015
27.19053
24.73047
22.17041
20.03036
17.2203
14.14023
13.26021
11.69017
22.18041
19.79036
17.85031
14.82024
13.32021
25.58049
23.16043
20.70038
12.7102
9.650126
12.28019
10.03013
11.81017
13.0302
11.75017
9.910131
11.07016
12.46019
11.68017
12.61019
10.63015
20.74038
22.58042
20.11036
17.95032
15.88027
13.28021
10.70015
11.65017
21.35039
22.58042
19.99036
17.68031
15.15025
12.55019
12.46019
12.12018
10.78015
11.03016
13.19021
11.17016
12.7502
11.43017
10.92015
10.43014
11.43017
10.44014
18.55033
16.23028
13.76022
11.70017
12.8502
12.9302
11.68017
11.00016
13.89022
11.22016
12.46019
13.1002
13.46021
11.12016
11.34016
10.42014
10.67015
11.35016
10.14014
12.7102
13.61022
20.04036
17.78031
16.02027
13.99022
12.22018
27.22053
24.35046
21.33039
18.72033
15.37026
27.59054
25.39049
23.09043
20.71038
17.73031
15.47026
12.6902
31.45062
27.95054
24.73047
21.40039
17.96032
13.0302
29.67058
26.66051
22.45042
18.84034
16.53028
33.18044
14.96025
11.21016
10.87015
11.22016
19.28035
17.2503
15.43026
13.57022
11.17016
27.85054
25.23048
22.87043
20.82038
18.09032
14.60024
13.14021
29.35058
27.29053
24.89047
22.34042
19.88036
15.05025
28.28055
24.46046
20.52037
17.2703
13.67022
31.59063
29.00057
26.46051
21.5804
17.79031
15.77027
12.7802
26.66051
23.86045
20.73038
13.34021
24.66047
21.4704
18.19032
15.39026
11.97018
27.81054
21.89041
15.96027
10.81015
26.76052
24.16046
20.82038
17.60031
14.60024
13.26021
12.44019
27.20053
21.90041
15.36026
10.56015
24.62047
20.96038
18.59033
15.37026
32.39057
10.02013
10.70015
12.7602
10.65015
12.8202
10.30014
13.1002
12.65019
9.920132
10.43014
9.730127
11.49017
17.04029
15.07025
13.20021
12.21018
13.24021
12.8302
11.41017
10.31014
13.68022
11.34016
10.90015
10.94016
12.7202
13.72022
12.01018
11.85018
11.62017
12.9002
13.57022
11.22016
10.35014
10.74015
10.41014
11.07016
21.09039
18.52033
15.73026
13.19021
10.21014
26.66051
24.22046
22.39042
20.08036
18.19032
25.8605
23.11043
20.36037
17.73031
14.98025
11.92018
34.94014
33.07046
31.22062
29.16057
26.0005
24.25046
21.38039
30.4306
27.61054
22.38042
16.13027
34.40023
27.39053
22.05041
18.15032
32.36058
15.55026
10.20014
18.49033
10.71015
10.07014
9.630125
12.9002
10.26014
9.86013
12.65019
11.69017
11.38017
9.84013
9.940132
12.36019
9.930132
9.990133
11.27016
10.04013
12.45019
12.9802
13.53021
11.15016
10.82015
10.74015
18.34032
12.20018
23.37044
19.36035
15.19025
11.45017
24.16046
16.63029
25.73049
21.7404
17.54031
13.45021
10.92015
30.74061
23.23044
15.91027
12.26019
24.32046
21.07039
23.38044
21.09039
18.72033
16.57028
14.59024
11.99018
11.20016
10.24014
13.88022
11.80017
11.35016
12.8202
10.27014
10.04013
10.03013
13.1102
11.09016
11.28016
12.8202
10.26014
12.63019
19.80036
16.17027
12.8802
27.46053
19.77036
12.02018
27.52053
23.61045
20.47037
16.13027
12.7002
22.35042
15.60026
24.07046
20.47037
16.73029
13.56021
11.64017
27.34053
20.47037
12.6902
30.4906
16.75029
12.62019
19.55035
13.27021
25.74049
15.42026
12.41019
11.25016
28.53056
23.59044
21.4904
18.68033
16.71029
27.44053
25.39049
23.45044
20.80038
18.47033
17.0903
12.9102
34.18027
31.48063
29.70058
26.76052
23.01043
15.28025
26.1205
19.39035
15.84027
13.0502
10.64015
27.89054
25.10048
23.13043
19.81036
17.3603
14.57024
12.25019
28.21055
25.69049
23.29044
12.8902
11.16016
13.61022
10.92015
12.7902
13.62022
10.90015
17.50031
14.09023
13.32021
12.58019
11.49017
11.91018
11.56017
10.32014
12.39019
11.47017
10.66015
13.25021
10.40014
10.51015
11.70017
21.7104
18.30032
15.02025
11.78017
25.54049
16.37028
25.76049
22.32042
19.13034
16.06027
12.53019
25.20048
15.69026
19.53035
16.02027
13.57022
12.44019
13.0702
12.7202
12.8402
10.58015
9.970133
10.18014
12.49019
11.27016
12.34019
13.96022
20.96038
18.67033
16.04027
13.43021
11.79017
13.48021
10.11014
20.27037
21.5804
19.40035
17.0703
14.47024
12.25019
12.9102
23.39044
24.06046
21.8304
19.35035
17.0603
15.51026
13.1202
10.50014
26.2105
13.15021
12.06018
10.84015
10.79015
22.14041
16.07027
9.730127
24.90047
22.78043
20.45037
17.84031
15.85027
13.21021
10.71015
25.9505
20.12037
13.20021
26.91052
24.51047
22.54042
19.86036
17.75031
15.87027
26.33051
20.56038
13.80022
9.670126
31.68063
29.17057
26.28051
22.34042
20.16037
17.56031
15.54026
13.33021
11.93018
13.23021
12.22018
10.64015
12.68019
11.12016
12.9702
10.96016
10.28014
9.870131
10.35014
11.61017
12.08018
9.750128
13.20021
20.13037
16.68029
12.8302
12.9502
21.00039
17.72031
13.98022
11.19016
28.31055
24.80047
20.72038
17.4203
13.49021
27.03052
24.01045
20.26037
16.57028
12.7402
10.72015
29.70058
25.8505
22.73042
18.73033
14.69024
11.59017
13.77022
10.85015
11.10016
11.99018
13.0302
10.94016
12.25019
12.07018
21.05039
17.70031
14.11023
12.47019
12.02018
9.880131
11.80017
10.94016
10.35014
10.03013
19.01034
23.76045
20.54037
16.71029
13.93022
11.56017
18.86034
15.06025
10.41014
13.18021
13.73022
10.31014
12.26019
27.19053
22.65042
18.83034
14.94025
10.89015
11.26016
10.52015
28.81056
13.55021
11.31016
12.06018
10.16014
10.15014
11.01016
9.910131
20.08036
22.89043
20.70038
18.52033
16.44028
15.22025
12.60019
11.74017
13.48021
11.24016
11.22016
11.98018
12.53019
11.37016
10.43014
10.47014
10.45014
12.23018
12.31019
12.24018
12.9002
11.62017
11.76017
12.9202
13.0402
10.96016
9.720127
13.42021
10.12014
11.74017
11.83018
10.30014
12.07018
11.33016
9.790129
11.28016
18.58033
13.0202
13.93022
11.19016
10.52015
13.96022
10.50014
10.26014
11.14016
12.14018
11.72017
11.54017
10.70015
10.59015
20.87038
17.57031
14.91025
11.42017
24.04045
21.6904
18.59033
15.75027
12.63019
28.18055
25.66049
22.12041
19.94036
16.38028
12.9602
29.28057
26.75052
23.69045
20.02036
16.84029
27.92054
20.47037
16.86029
13.30021
28.19055
22.03041
15.71026
10.51015
27.30053
23.37044
19.31035
15.74026
11.86018
11.43017
25.32048
19.75036
13.43021
25.22048
21.39039
17.62031
14.55024
14.01023
29.25057
23.23044
16.87029
14.22023
12.67019
26.90052
24.62047
22.54042
20.45037
18.75033
15.95027
11.87018
29.98059
28.01055
25.45049
22.48042
18.94034
14.93025
11.61017
28.22055
25.44049
22.36042
19.24035
15.95027
12.6902
28.95057
25.39049
22.39042
19.80036
17.1803
13.1102
30.96061
28.80056
25.69049
21.15039
13.80022
27.80054
21.09039
15.75027
10.43014
25.38049
20.41037
15.57026
10.81015
25.48049
20.78038
15.59026
12.7702
26.57051
21.8204
17.77031
12.7602
26.0405
21.42039
16.03027
12.61019
28.68056
23.94045
10.45014
10.21014
11.22016
9.910131
11.17016
10.33014
10.83015
11.40017
10.65015
20.36037
24.55047
21.6904
19.26035
16.88029
14.40023
13.0902
12.07018
11.00016
11.07016
19.03034
34.5802
14.31023
12.43019
12.48019
12.7702
13.40021
10.76015
22.39042
18.97034
15.40026
11.23016
25.61049
23.62045
21.6404
19.53035
17.79031
15.59026
13.0502
11.56017
29.05057
24.83047
21.06039
18.05032
13.1002
27.70054
25.58049
21.4804
18.81034
16.71029
14.54024
27.77054
24.16046
20.31037
16.39028
11.97018
31.37062
29.27057
26.87052
24.22046
17.4003
12.8602
28.32055
25.49049
21.90041
18.25032
15.72026
13.67022
13.73022
26.51051
22.41042
17.4303
12.59019
27.41053
25.06048
22.50042
20.58038
25.11048
20.54037
16.47028
11.87018
36.19993
33.78034
31.45062
28.97057
9.710127
20.05036
17.1503
14.28023
11.09016
26.45051
23.34044
20.50037
18.32032
15.27025
11.84018
27.84054
25.58049
22.35042
19.38035
16.97029
13.35021
27.80054
24.67047
21.26039
17.74031
13.57022
29.25057
25.74049
21.09039
16.65029
13.41021
26.41051
23.06043
19.56035
16.69029
28.66056
23.16043
20.41037
18.21032
15.39026
12.8602
11.61017
13.72022
27.70054
14.19023
26.49051
24.06046
22.07041
19.72036
17.51031
15.32026
12.7902
11.49017
10.98016
27.58054
14.57024
23.66045
20.88038
19.41035
17.0703
14.06023
10.84015
23.49044
20.58038
17.66031
15.20025
11.77017
27.89054
25.21048
22.00041
18.43033
15.87027
13.77022
28.37055
24.72047
21.05039
18.93034
14.90025
28.93057
25.8105
21.36039
18.31032
15.15025
12.7102
31.19062
28.13055
25.44049
21.8204
18.24032
14.34023
28.04055
24.28046
18.70033
16.54028
13.97022
13.53021
27.15053
21.21039
15.68026
9.820129
27.14053
24.87047
11.35016
19.79036
17.4303
15.87027
14.22023
12.27019
11.78017
23.96045
18.05032
26.2305
17.04029
10.22014
11.36016
10.22014
10.67015
12.7102
9.970133
9.870131
13.38021
13.50021
12.14018
23.18044
18.29032
13.92022
24.81047
20.54037
16.46028
11.96018
10.17014
29.36058
24.43046
19.48035
15.07025
10.49014
23.30044
18.54033
14.09023
10.40014
26.1705
20.54037
15.54026
25.48049
21.29039
14.65024
13.75022
11.67017
10.16014
12.9902
13.70022
13.32021
10.35014
12.18018
10.69015
21.09039
18.90034
16.73029
14.14023
13.18021
10.29014
23.53044
17.72031
11.51017
22.99043
20.16037
17.2903
15.32026
12.06018
24.65047
18.07032
12.7602
26.48051
23.84045
21.41039
18.69033
16.42028
13.38021
10.60015
19.20034
16.32028
13.70022
11.06016
10.44014
11.15016
11.52017
13.0902
28.38055
10.93015
23.86045
21.4404
19.25035
16.43028
13.64022
11.02016
13.35021
12.13018
10.05013
25.17048
16.57028
13.76022
11.47017
9.720127
13.0702
11.93018
11.92018
12.40019
12.9302
11.25016
12.7002
13.72022
11.51017
13.40021
11.48017
11.12016
13.14021
10.72015
12.25019
10.26014
9.780128
10.15014
9.730127
10.23014
18.48033
24.48046
20.30037
15.91027
11.50017
28.42056
15.52026
25.30048
21.8004
17.4103
13.44021
21.7104
27.23053
23.25044
20.57038
17.2103
13.17021
10.88015
28.52056
24.73047
21.08039
17.3703
13.43021
13.60022
20.06036
16.97029
12.7402
10.61015
27.81054
24.34046
20.37037
16.45028
12.44019
25.10048
21.01039
12.8602
25.55049
16.37028
26.93052
17.60031
12.67019
27.28053
17.3003
10.59015
22.81043
13.64022
23.13043
18.20032
16.59028
13.0502
11.26016
29.50058
27.29053
24.70047
22.60042
20.39037
24.51047
20.78038
16.97029
14.20023
12.48019
34.65019
31.64063
28.97057
26.35051
23.88045
20.13037
16.02027
25.55049
19.92036
14.57024
11.52017
26.62051
23.32044
20.85038
18.23032
15.85027
13.36021
28.89057
26.33051
23.57044
15.01025
26.98052
22.58042
18.17032
14.67024
12.7302
9.960133
28.34055
20.14037
12.33019
24.37046
21.09039
17.54031
13.99022
13.55021
10.04013
27.02052
19.48035
10.98016
22.20041
19.21034
13.58022
12.18018
13.93022
14.01023
11.39017
11.36016
13.13021
11.96018
13.74022
10.72015
10.01013
9.960133
11.14016
10.45014
12.42019
10.12014
13.69022
19.40035
14.88025
11.24016
25.22048
20.65038
15.96027
10.81015
25.23048
21.7604
17.02029
12.45019
25.10048
20.22037
15.53026
10.89015
26.0405
21.90041
17.51031
12.7302
9.920132
26.61051
21.6704
17.05029
18.23032
10.79015
21.29039
18.72033
16.96029
14.13023
12.7002
10.40014
12.20018
13.67022
13.53021
10.87015
11.18016
9.780128
13.70022
12.8402
20.48037
24.69047
21.99041
19.44035
17.66031
15.89027
13.1102
19.73036
15.95027
13.62022
11.33016
29.40058
23.10043
16.50028
25.12048
21.29039
17.87031
14.14023
13.89022
31.82063
25.01048
18.16032
12.7102
25.8805
22.68042
18.51033
14.61024
10.68015
26.31051
17.89031
15.35026
12.9902
11.22016
11.75017
11.63017
13.34021
13.39021
12.68019
11.96018
11.72017
11.76017
12.9202
13.34021
10.98016
12.39019
11.32016
18.47033
11.76017
28.38055
24.28046
20.91038
16.64029
13.38021
26.40051
20.11036
13.16021
28.49056
24.44046
20.31037
16.55028
13.22021
27.17053
20.37037
13.69022
25.8205
21.99041
18.57033
23.16043
21.6404
19.38035
17.3803
14.93025
13.0402
11.49017
10.04013
10.22014
9.870131
11.70017
11.48017
10.08014
10.62015
13.59022
12.58019
10.74015
13.54021
11.20016
10.78015
12.9302
10.48014
10.62015
22.86043
19.43035
16.02027
12.34019
21.38039
13.32021
25.56049
22.58042
18.90034
15.35026
12.06018
24.51047
16.87029
10.78015
27.06052
24.13046
20.42037
17.93032
13.94022
10.56015
23.20044
25.12048
15.69026
12.04018
10.64015
10.53015
11.16016
9.970133
19.87036
17.04029
13.72022
10.52015
23.78045
22.44042
20.24037
17.87031
15.63026
13.0202
10.63015
26.0405
22.02041
18.19032
14.55024
27.83054
25.68049
23.58044
18.86034
15.31026
12.9302
11.29016
28.80056
24.07046
20.20037
16.93029
12.09018
25.9505
24.06046
22.02041
19.64035
12.8302
23.93045
20.47037
17.81031
14.98025
13.64022
10.58015
24.73047
17.02029
10.00013
26.48051
23.71045
21.19039
18.31032
15.75027
12.8102
10.69015
23.78045
16.23028
24.75047
22.22041
19.39035
17.04029
13.86022
10.83015
11.46017
32.91048
23.43044
21.06039
18.72033
16.47028
13.85022
11.53017
12.03018
10.21014
10.24014
13.0102
13.0102
12.7302
11.96018
12.7302
11.09016
10.05013
10.29014
10.08014
22.61042
19.50035
16.27028
12.9602
10.23014
9.790129
13.47021
9.990133
13.41021
10.28014
12.15018
9.820129
12.7302
11.00016
11.08016
9.970133
19.01034
13.54021
13.52021
11.34016
10.97016
21.00039
18.54033
15.51026
12.60019
10.25014
21.8304
25.57049
23.05043
19.95036
16.97029
14.56024
13.17021
29.93059
15.11025
24.48046
21.7204
18.99034
16.04027
13.75022
12.9002
10.45014
21.5404
11.62017
22.72042
15.98027
11.59017
25.79049
18.99034
11.66017
25.27048
19.26035
12.38019
26.77052
19.86036
13.1102
27.22053
20.55037
13.87022
13.19021
28.79056
26.46051
24.30046
22.07041
19.79036
18.78033
16.61028
14.11023
11.77017
10.23014
12.25019
11.31016
12.8702
11.60017
9.720127
13.32021
12.60019
10.46014
13.31021
10.93015
11.46017
12.9702
10.07014
10.68015
13.29021
12.31019
13.63022
12.56019
9.960133
17.96032
15.16025
12.30019
12.05018
10.41014
10.69015
11.66017
13.31021
12.22018
11.37016
10.20014
10.64015
27.39053
23.56044
20.51037
17.67031
15.25025
12.39019
12.00018
22.51042
19.16034
15.49026
11.98018
13.62022
10.35014
10.24014
11.21016
10.93015
10.86015
10.04013
10.89015
11.22016
11.45017
12.23018
17.60031
15.81027
12.9502
13.30021
13.99022
11.25016
13.13021
26.1005
11.27016
28.52056
25.71049
23.20044
20.38037
18.01032
15.20025
12.56019
12.68019
13.45021
11.66017
11.12016
26.2005
15.05025
13.0202
11.10016
10.43014
26.25051
23.47044
20.92038
18.45033
15.60026
12.40019
26.89052
25.30048
22.87043
20.66038
17.63031
14.08023
29.91059
26.46051
21.5404
15.59026
12.7802
27.36053
24.44046
21.42039
18.51033
15.80027
13.46021
10.77015
30.4206
27.55054
24.78047
21.7504
19.41035
12.47019
12.68019
10.01013
11.45017
10.38014
11.52017
17.75031
13.60022
11.93018
11.44017
12.9202
10.72015
10.56015
11.74017
11.45017
10.09014
11.50017
10.79015
13.64022
13.91022
22.01041
18.93034
16.16027
12.9702
9.83013
26.2205
21.92041
17.3503
12.61019
25.9905
23.35044
20.10036
17.4203
14.24023
12.47019
27.68054
22.29041
17.4503
13.36021
25.29048
22.37042
18.73033
15.80027
13.23021
10.38014
27.79054
22.83043
13.89022
11.17016
9.980133
12.8902
27.21053
15.59026
24.39046
20.38037
15.83027
11.56017
12.9302
26.81052
14.72024
24.15046
20.29037
16.67029
12.33019
12.7602
24.44046
18.55033
15.80027
12.55019
9.630125
26.81052
23.92045
20.83038
17.78031
14.70024
10.85015
27.98055
13.49021
20.91038
19.06034
15.65026
13.22021
10.98016
28.75056
25.68049
22.70042
19.80036
11.87018
10.19014
13.1202
10.81015
11.63017
11.96018
10.81015
10.00013
11.28016
18.39033
10.20014
9.890131
10.68015
23.99045
18.49033
13.30021
20.05036
10.62015
27.59054
22.18041
16.74029
11.31016
19.32035
12.18018
27.15053
21.5704
17.0603
12.38019
21.7804
16.45028
14.60024
12.56019
10.24014
11.61017
13.37021
11.13016
9.900131
11.29016
13.81022
12.54019
12.7602
13.35021
12.51019
11.16016
9.940132
10.15014
25.8005
11.63017
13.0802
9.86013
21.8604
18.04032
14.20023
12.46019
23.98045
21.40039
19.79036
17.0903
14.53024
11.42017
25.16048
21.24039
17.55031
13.16021
27.18053
24.81047
21.93041
19.16034
17.4203
14.19023
29.13057
25.13048
20.40037
31.01061
13.98022
11.50017
17.0603
31.33062
15.96027
11.35016
13.37021
10.95016
22.50042
19.62035
15.94027
12.6902
10.69015
26.57051
24.55047
22.32042
20.22037
17.68031
16.39028
12.9002
27.63054
23.73045
19.20034
15.34026
13.0602
27.58054
25.05048
22.49042
20.38037
18.95034
16.37028
12.7102
29.64058
26.85052
23.00043
19.61035
16.62029
10.16014
30.1806
27.84054
25.55049
19.44035
13.83022
23.38044
20.55037
17.4803
14.46024
13.0202
10.94016
29.38058
24.96048
21.15039
16.05027
11.59017
25.69049
22.21041
19.37035
16.17027
13.26021
27.19053
22.98043
18.23032
13.25021
9.620125
28.92057
25.38049
22.33042
19.53035
14.26023
13.49021
11.78017
13.66022
11.96018
13.97022
18.95034
15.53026
12.68019
12.64019
12.44019
10.63015
20.25037
16.75029
13.34021
10.52015
9.870131
20.33037
25.33048
21.5804
18.10032
14.84024
12.16018
19.28035
26.0305
22.24041
18.60033
14.56024
12.15018
9.920132
10.09014
18.02032
27.40053
13.96022
23.40044
21.90041
19.37035
16.50028
14.40023
12.61019
13.0102
20.38037
25.74049
23.50044
20.82038
18.09032
15.04025
12.9702
9.630125
22.84043
25.02048
22.23041
19.56035
17.1203
14.35023
11.51017
25.71049
22.88043
14.32023
10.17014
9.630125
10.22014
12.61019
18.39033
13.35021
13.68022
10.74015
12.8702
10.15014
23.12043
18.11032
13.25021
9.900131
9.790129
13.65022
13.0502
12.27019
9.780128
12.35019
12.42019
18.90034
13.80022
10.40014
13.80022
12.37019
12.61019
12.21018
9.970133
11.09016
13.47021
11.25016
20.54037
18.31032
15.98027
13.54021
10.93015
11.01016
11.65017
9.820129
10.34014
9.650126
11.67017
12.25019
12.45019
10.48014
13.37021
10.98016
12.8902
12.64019
11.60017
11.34016
17.57031
12.59019
13.85022
18.15032
13.1002
11.45017
13.55021
29.49058
12.67019
11.52017
29.13057
21.5604
19.12034
15.94027
12.50019
28.12055
25.72049
23.54044
20.99039
18.47033
15.67026
12.46019
32.69052
29.64058
25.9405
21.09039
16.53028
13.19021
27.09052
24.02045
20.10036
17.68031
13.61022
9.980133
27.28053
23.67045
19.55035
16.21028
12.8302
26.53051
23.90045
21.24039
17.03029
12.41019
27.98055
26.25051
23.47044
20.84038
18.41033
15.44026
13.88022
30.09059
25.11048
20.42037
16.19028
11.34016
29.36058
27.48053
25.12048
21.38039
18.24032
23.58044
19.58035
15.14025
12.43019
31.36062
29.12057
27.51053
24.95048
22.42042
19.39035
16.86029
38.52954
18.04032
12.9202
10.66015
23.19044
19.66035
16.71029
13.67022
11.01016
25.50049
20.98038
17.57031
13.70022
11.59017
25.78049
22.43042
18.83034
14.54024
10.50014
9.650126
17.81031
14.09023
10.25014
9.86013
27.27053
17.73031
25.37049
21.6104
17.86031
14.76024
12.9902
11.18016
32.15061
22.13041
12.41019
21.8104
17.77031
14.37023
10.62015
24.32046
18.51033
16.52028
14.23023
12.12018
13.67022
21.5404
10.55015
24.28046
22.69042
20.63038
18.90034
16.68029
15.10025
12.58019
11.88018
21.04039
12.03018
25.8205
23.06043
20.49037
19.02034
16.83029
14.87024
12.8102
11.08016
21.7804
12.23018
30.15059
20.44037
11.10016
23.81045
16.80029
12.15018
25.19048
16.02027
11.49017
26.25051
19.20034
11.97018
13.53021
32.43056
11.31016
20.87038
16.81029
11.35016
20.16037
16.82029
12.8702
10.59015
27.89054
24.41046
21.5604
18.23032
15.10025
11.24016
25.58049
21.6104
17.96032
13.88022
11.29016
26.81052
24.02045
20.70038
26.48051
23.72045
21.08039
19.14034
16.92029
14.47024
12.09018
11.04016
12.61019
11.54017
13.1002
13.0902
12.32019
12.9202
10.76015
11.29016
11.05016
13.27021
13.31021
11.47017
10.44014
21.4604
18.95034
16.45028
14.08023
13.32021
10.72015
10.61015
9.810129
13.33021
10.50014
10.83015
13.1102
12.52019
10.64015
10.33014
11.79017
9.680126
11.74017
10.48014
13.18021
20.18037
17.55031
15.06025
12.47019
11.90018
27.52053
20.89038
14.66024
25.72049
23.56044
21.8504
24.62047
18.42033
11.57017
36.3699
20.85038
15.78027
48.2979
45.58836
43.10877
22.45042
17.71031
11.85018
54.2369
52.52719
49.54769
20.77038
18.42033
16.26028
13.36021
61.53568
59.12608
57.76631
54.95678
51.32739
9.710127
10.29014
11.00016
12.11018
11.55017
19.37035
12.9902
11.80017
25.02048
21.01039
16.66029
12.19018
19.66035
12.8902
25.63049
21.26039
17.2703
13.0402
25.76049
19.43035
12.04018
27.14053
22.86043
18.41033
19.39035
16.22028
13.15021
13.81022
11.47017
10.28014
10.12014
10.69015
10.52015
11.81017
11.76017
11.27016
12.24018
11.89018
9.970133
12.30019
10.40014
11.50017
24.09046
20.40037
16.88029
13.17021
9.740128
29.25057
26.71052
23.98045
21.40039
18.86034
14.92025
10.67015
24.12046
19.69036
16.08027
12.10018
23.77045
21.4704
18.37033
14.91025
12.54019
11.33016
27.58054
23.72045
19.86036
16.42028
12.52019
25.67049
22.81043
18.89034
15.91027
13.51021
12.7202
12.04018
11.47017
11.80017
11.86018
24.06046
28.03055
25.39049
22.98043
20.84038
18.90034
16.43028
14.39023
12.23018
12.46019
10.63015
33.84033
15.22025
23.78045
21.18039
19.54035
17.78031
10.55015
11.00016
10.14014
13.72022
12.01018
11.00016
13.66022
11.30016
13.0302
12.28019
12.38019
12.42019
11.85018
11.70017
11.20016
12.7902
17.52031
14.22023
11.72017
10.67015
25.9505
18.44033
11.95018
26.1005
22.79043
19.47035
16.39028
13.16021
12.8302
24.89047
16.97029
11.58017
25.76049
22.70042
19.65035
16.36028
13.43021
13.31021
27.12053
19.74036
18.04032
13.70022
22.57042
19.50035
16.01027
12.67019
11.29016
12.02018
9.780128
9.730127
10.19014
10.58015
19.54035
23.05043
19.71036
16.61028
13.24021
10.40014
12.06018
12.47019
11.04016
11.43017
11.68017
11.87018
13.33021
12.02018
11.16016
9.85013
10.01013
9.990133
11.02016
10.76015
12.47019
12.9702
12.42019
13.67022
11.75017
19.48035
16.85029
14.92025
13.1102
9.990133
28.68056
23.40044
17.79031
12.8402
24.91047
22.16041
19.81036
17.03029
14.35023
11.41017
10.80015
27.80054
22.44042
16.55028
12.51019
24.72047
21.4404
17.99032
15.10025
12.28019
10.13014
24.99048
19.61035
15.15025
13.38021
13.0302
10.33014
9.86013
10.18014
9.960133
12.8602
10.92015
10.37014
10.31014
10.81015
13.40021
22.18041
25.14048
23.38044
20.76038
18.47033
16.26028
14.05023
11.93018
13.39021
13.16021
9.86013
12.63019
9.690126
10.94016
9.750128
17.3903
26.67052
21.27039
15.91027
12.11018
10.13014
18.72033
15.67026
12.7802
11.58017
11.51017
10.40014
10.29014
11.76017
12.12018
11.72017
24.72047
24.45046
22.03041
18.72033
15.65026
12.57019
12.7902
22.11041
19.33035
17.50031
14.95025
13.19021
10.55015
29.04057
26.63051
24.63047
21.95041
19.78036
17.4003
13.0202
26.85052
24.06046
21.08039
17.94032
15.02025
11.79017
28.42056
25.8205
22.92043
18.32032
13.63022
11.05016
25.41049
20.85038
17.4503
15.44026
24.85047
21.90041
12.67019
12.24018
11.91018
29.68058
25.54049
17.1403
12.11018
11.79017
33.97031
14.28023
13.56021
12.8302
11.90018
9.620125
20.47037
12.8302
26.77052
24.48046
22.37042
20.40037
18.55033
16.10027
13.66022
13.49021
22.43042
12.35019
25.68049
23.53044
21.5504
19.88036
17.70031
15.74026
13.38021
10.77015
22.13041
10.30014
28.23055
21.4304
17.2303
12.7402
10.36014
28.85056
25.45049
21.7104
18.52033
14.87024
12.02018
19.86036
16.23028
12.8102
12.20018
26.40051
21.90041
18.20032
24.31046
10.78015
22.25041
19.22034
16.00027
12.49019
29.11057
24.95048
21.20039
17.60031
13.1202
28.54056
24.98048
20.85038
17.79031
13.29021
26.31051
21.6504
17.4003
13.32021
22.52042
19.24035
19.25035
22.58042
19.71036
20.71038
17.93032
16.06027
29.84059
24.94048
19.86036
15.41026
3.439997
20.72038
17.4603
14.71024
12.7202
12.54019
18.51033
14.68024
12.26019
14.10023
15.24025
14.71024
12.40019
11.81017
15.40026
12.05018
11.92018
11.96018
16.48028
12.7802
14.69024
18.92034
13.89022
15.41026
15.14025
13.57022
14.03023
14.58024
14.98025
16.65029
15.23025
13.71022
14.29023
14.34023
31.75063
31.23062
14.40023
15.77027
13.35021
11.98018
14.40023
17.02029
17.94032
11.15016
16.25028
20.62038
12.56019
13.0302
16.25028
