19.76036
10.92015
13.52021
28.09055
26.66051
24.10046
21.7104
19.34035
16.94029
14.01023
12.62019
38.95947
34.53021
28.90057
21.5704
11.38017
34.12028
27.11053
20.79038
16.35028
13.48021
10.94016
31.63063
25.9305
21.5804
18.91034
15.63026
12.7102
11.22016
10.86015
9.810129
31.42062
28.32055
25.51049
22.46042
19.51035
17.3103
14.36023
11.61017
10.53015
10.47014
9.900131
32.89049
30.14059
20.18037
15.83027
14.02023
11.64017
11.27016
31.66063
20.87038
11.38017
13.45021
9.720127
30.1806
25.54049
23.91045
22.20041
19.03034
17.0603
14.64024
12.43019
10.25014
10.26014
35.73001
33.73035
31.79063
29.53058
27.70054
25.13048
19.80036
13.73022
12.43019
11.13016
31.02061
25.10048
22.71042
20.50037
17.2003
13.88022
13.1202
10.29014
31.91063
28.05055
25.18048
22.99043
20.56038
12.33019
13.41021
34.67019
19.83036
12.7402
30.2406
25.12048
19.92036
14.69024
11.41017
28.01055
15.45026
9.920132
35.91998
30.4206
25.18048
33.34041
30.94061
29.06057
26.56051
24.06046
21.93041
19.60035
16.86029
14.28023
11.39017
35.93998
33.17044
30.60061
27.81054
25.35048
22.72042
19.95036
17.4103
15.69026
12.31019
9.900131
19.54035
16.32028
12.8302
12.7002
13.28021
30.5506
28.73056
25.69049
22.79043
19.63035
16.64029
13.53021
13.53021
12.19018
34.04029
30.3806
10.01013
22.33042
16.55028
13.73022
13.44021
12.22018
11.91018
15.33026
32.02063
29.49058
26.77052
23.96045
21.32039
17.95032
15.49026
12.60019
13.13021
10.62015
30.01059
10.97016
12.68019
30.97061
29.21057
26.1405
18.57033
11.03016
34.68019
32.37057
29.87059
27.92054
25.28048
22.54042
19.77036
17.1903
14.66024
12.44019
10.54015
35.47005
27.95054
20.57038
12.7802
12.59019
33.82033
31.39062
28.41055
25.9805
23.30044
20.85038
18.20032
10.12014
16.86029
12.9202
31.32062
24.15046
17.4503
10.62015
12.46019
29.07057
18.10032
10.43014
28.04055
21.24039
27.25053
22.00041
16.89029
13.53021
11.85018
33.27042
27.93054
23.34044
18.01032
12.7102
13.33021
15.28025
12.9402
10.76015
34.17027
29.98059
25.9905
22.09041
18.05032
13.96022
13.31021
11.11016
13.1202
11.26016
11.77017
36.02996
32.31059
28.66056
24.81047
21.09039
17.1803
13.82022
10.63015
10.49014
9.940132
30.2406
27.01052
12.60019
10.14014
32.8305
30.4406
27.87054
25.14048
22.27041
19.24035
16.70029
13.77022
12.9002
12.10018
24.73047
14.73024
11.74017
32.14061
30.08059
27.28053
24.28046
21.28039
18.80033
16.51028
10.78015
26.92052
24.85047
23.14043
21.14039
19.07034
16.84029
14.64024
12.56019
10.39014
13.13021
23.48044
13.83022
12.07018
34.43023
32.17061
29.92059
28.03055
26.0505
24.17046
22.62042
20.41037
18.27032
15.72026
13.74022
12.51019
10.45014
28.67056
19.58035
12.7802
10.42014
12.04018
11.70017
31.56063
34.21027
31.97064
30.11059
27.87054
25.58049
23.36044
11.14016
11.44017
34.89015
32.70052
26.0705
21.07039
16.30028
11.46017
11.48017
26.90052
10.55015
31.62063
27.02052
22.15041
17.3503
12.8402
11.87018
21.12039
15.36026
12.14018
10.97016
35.45006
32.01064
28.77056
25.29048
22.49042
19.46035
16.18027
13.0802
10.76015
34.6102
29.56058
24.08046
19.18034
14.07023
13.94022
33.01047
30.1906
26.97052
23.27044
19.73036
16.90029
13.80022
33.9903
29.23057
25.8905
9.85013
24.99048
13.70022
13.20021
10.72015
21.6204
18.65033
15.65026
12.9602
10.61015
9.970133
34.06029
31.53063
29.54058
26.85052
24.30046
22.49042
19.63035
16.82029
14.23023
10.78015
34.44023
31.40062
27.78054
24.42046
20.64038
16.59028
35.8
32.50055
23.55044
17.58031
11.11016
35.86999
29.51058
23.44044
16.74029
13.0202
10.78015
10.06013
16.96029
13.25021
10.00013
13.76022
10.48014
29.29058
26.1705
22.16041
18.33032
14.88025
12.52019
11.70017
30.5906
27.19053
23.98045
20.26037
16.67029
13.25021
12.07018
32.60054
28.89057
25.79049
22.07041
17.79031
13.73022
35.29008
32.12062
28.59056
10.86015
19.35035
17.0903
14.42023
11.62017
10.04013
10.99016
9.84013
29.55058
25.02048
20.91038
16.00027
10.97016
10.35014
31.39062
28.65056
25.8905
23.19044
20.36037
17.72031
14.79024
12.28019
12.36019
31.72063
26.80052
21.95041
16.81029
35.08012
32.31059
29.64058
21.00039
12.64019
9.620125
25.71049
17.2903
10.24014
12.13018
12.12018
11.61017
11.00016
34.77017
31.02061
29.15057
26.81052
24.52047
22.89043
21.07039
18.88034
16.61028
13.91022
13.55021
10.10014
35.32008
33.02047
30.4206
27.85054
25.11048
22.18041
16.23028
13.36021
11.00016
28.48056
23.63045
20.23037
16.78029
14.56024
12.9402
11.42017
10.33014
30.60061
28.30055
25.9305
23.84045
20.04036
16.98029
14.24023
14.05023
11.14016
10.33014
32.2206
26.88052
21.8604
17.3803
12.23018
10.42014
30.84061
27.85054
25.02048
22.53042
20.34037
17.87031
15.86027
13.0002
13.29021
11.31016
33.34041
28.59056
23.53044
18.66033
13.64022
17.90031
15.68026
12.48019
13.13021
11.79017
33.08046
27.75054
21.6804
15.27025
11.52017
34.43023
31.50063
28.45056
25.46049
22.27041
19.58035
16.43028
13.0702
9.900131
34.6002
28.40055
22.49042
16.37028
34.6302
31.26062
28.07055
13.23021
31.14062
16.28028
9.820129
10.74015
12.33019
28.48056
26.77052
24.32046
21.94041
19.87036
17.4803
15.16025
12.7802
12.26019
33.33041
29.57058
25.10048
20.39037
15.12025
13.20021
10.34014
35.87999
32.99047
29.87059
27.13053
25.22048
22.52042
19.26035
16.49028
14.39023
13.49021
29.67058
25.54049
20.63038
17.65031
15.14025
12.16018
11.63017
9.84013
28.91057
23.22044
17.1103
11.06016
10.24014
22.00041
19.62035
17.56031
14.60024
12.13018
13.81022
11.69017
29.80059
23.78045
18.55033
30.93061
28.30055
25.61049
23.11043
20.26037
18.33032
15.48026
12.64019
11.58017
11.72017
31.94064
29.51058
27.27053
24.63047
22.05041
20.04036
17.60031
14.94025
13.1202
16.05027
12.56019
11.94018
11.11016
9.990133
29.31058
25.9705
23.38044
19.71036
15.90027
12.8502
10.45014
33.45039
29.56058
19.41035
9.86013
12.50019
10.80015
10.38014
27.17053
24.54047
22.23041
19.63035
17.3303
14.25023
11.54017
12.06018
32.70052
30.3606
28.11055
25.34048
22.51042
20.87038
17.3103
15.10025
13.87022
12.53019
36.71984
33.37041
29.68058
26.71052
9.690126
22.49042
19.94036
17.81031
15.84027
13.0202
12.9202
13.1002
10.07014
25.29048
17.2703
10.32014
30.81061
28.23055
25.76049
23.72045
20.98038
18.39033
15.99027
13.31021
11.97018
10.11014
34.34024
25.9005
17.52031
15.35026
12.9002
10.70015
12.04018
12.51019
29.27057
24.77047
20.27037
15.74026
11.92018
12.29019
34.29025
32.48056
30.2506
28.16055
25.9805
23.91045
21.38039
18.71033
16.80029
14.58024
12.8102
10.50014
34.19027
29.03057
24.27046
19.09034
12.01018
31.97064
27.41053
24.28046
18.68033
14.41023
9.910131
36.55987
31.94064
27.17053
23.16043
19.21034
14.71024
10.27014
10.20014
11.61017
11.82018
35.40007
30.83061
32.53055
30.4606
28.15055
25.9705
24.30046
22.08041
20.92038
18.87034
16.76029
14.35023
12.17018
35.41006
33.70035
31.22062
29.12057
26.98052
24.98048
23.39044
21.05039
17.01029
13.92022
12.8602
27.25053
24.04045
21.00039
13.15021
11.78017
22.33042
19.13034
16.28028
13.22021
12.24018
12.07018
32.05063
28.94057
26.32051
23.31044
20.37037
17.62031
34.39024
31.90063
24.97048
20.65038
16.69029
12.29019
12.51019
33.45039
22.32042
11.95018
33.23043
29.18057
24.88047
20.59038
16.66029
12.8502
10.08014
32.44056
21.36039
13.15021
10.63015
11.67017
10.40014
33.71035
34.77017
32.32058
30.88061
28.64056
26.45051
24.11046
21.5304
19.23034
17.54031
14.89025
12.66019
10.87015
36.84982
10.49014
33.26043
30.82061
28.51056
26.37051
24.06046
17.91031
12.55019
10.28014
27.04052
18.25032
10.00013
10.41014
30.5506
25.11048
19.77036
14.56024
12.9502
9.970133
24.05046
15.51026
29.10057
24.28046
35.15011
30.07059
24.31046
19.22034
13.29021
12.22018
10.18014
18.08032
14.89025
11.98018
13.52021
11.00016
10.16014
30.88061
27.97054
24.24046
20.57038
16.92029
13.21021
9.880131
30.1906
27.16053
23.95045
21.94041
18.76033
15.36026
13.15021
14.07023
36.21993
32.2106
28.89057
25.17048
21.12039
16.96029
33.51038
30.10059
24.22046
21.6804
18.71033
15.48026
12.25019
10.28014
10.16014
20.19037
31.20062
28.41055
26.44051
23.24044
20.31037
17.3403
14.16023
12.9102
13.27021
32.32058
10.22014
12.15018
11.27016
10.49014
32.97047
29.04057
26.34051
23.30044
21.40039
18.32032
16.00027
12.9702
12.42019
31.97064
29.64058
26.26051
23.88045
20.81038
17.3503
13.43021
13.18021
11.60017
34.19027
30.04059
26.25051
23.00043
19.57035
15.84027
12.9202
11.25016
10.73015
31.85063
28.42056
25.68049
22.97043
14.20023
10.71015
30.4806
23.56044
16.76029
11.89018
10.81015
28.00055
16.46028
10.63015
34.0203
25.78049
15.12025
10.27014
33.74035
29.78059
25.9305
22.59042
18.43033
14.17023
10.94016
33.04046
26.0405
19.51035
13.13021
13.29021
36.14994
31.71063
27.61054
23.37044
20.13037
16.31028
29.09057
21.23039
17.56031
13.83022
11.40017
14.06023
33.55038
30.09059
26.51051
23.05043
18.98034
15.10025
11.55017
10.99016
10.60015
11.48017
12.53019
32.91048
33.36041
30.4606
27.81054
25.18048
22.09041
19.11034
17.1903
14.36023
13.66022
10.08014
32.46056
29.66058
27.46053
24.60047
22.27041
10.36014
30.09059
26.27051
22.61042
18.50033
14.81024
12.26019
12.43019
30.3906
20.06036
11.94018
20.69038
17.3303
32.86049
31.05062
28.97057
26.66051
24.26046
22.17041
20.90038
18.41033
16.49028
14.23023
11.48017
11.05016
31.91063
29.98059
27.58054
25.55049
23.12043
21.4404
19.14034
16.83029
14.71024
12.58019
16.43028
13.58022
12.10018
12.32019
12.67019
10.66015
31.64063
26.57051
22.16041
16.88029
11.83018
12.8602
31.50063
28.65056
26.34051
23.46044
20.71038
17.97032
15.51026
12.68019
9.940132
31.66063
26.66051
22.11041
16.83029
11.59017
35.69002
32.54055
29.81059
28.10055
24.07046
20.29037
16.32028
12.8402
10.25014
31.74063
27.61054
24.18046
19.97036
15.94027
12.01018
13.75022
11.70017
12.67019
33.4404
29.34058
34.73018
31.38062
28.10055
24.79047
21.41039
19.07034
15.54026
12.04018
11.17016
33.63036
30.2306
26.68052
23.35044
20.84038
20.28037
15.40026
10.93015
10.29014
22.34042
12.7302
32.96048
28.21055
24.17046
19.26035
13.41021
10.64015
11.51017
28.34055
26.1205
23.47044
21.26039
19.28035
16.36028
14.38023
11.49017
12.59019
32.74051
29.07057
25.57049
22.62042
18.79033
15.22025
11.76017
12.02018
33.4004
31.03061
28.47056
26.0905
22.87043
19.24035
16.41028
14.35023
11.67017
11.49017
33.24043
29.53058
26.35051
22.42042
18.46033
14.57024
14.00023
11.08016
10.13014
29.00057
22.68042
16.30028
11.68017
11.43017
31.71063
29.35058
26.65051
23.83045
20.75038
17.68031
15.30025
13.76022
13.0302
29.24057
23.04043
16.74029
10.82015
33.90032
31.34062
28.46056
21.06039
16.47028
11.56017
10.67015
30.95061
26.42051
21.6904
16.93029
11.88018
11.98018
12.58019
9.780128
33.23043
28.39055
31.11062
27.22053
23.81045
19.47035
15.87027
11.63017
10.59015
11.68017
33.72035
30.3706
32.62053
28.80056
26.0705
22.31042
18.63033
15.18025
13.20021
9.870131
11.25016
32.58054
29.98059
25.8605
22.36042
18.73033
15.00025
12.34019
12.7802
11.47017
28.45056
25.32048
22.63042
19.69036
16.94029
13.80022
12.21018
10.34014
32.36058
29.40058
26.99052
24.39046
21.4504
18.18032
15.52026
12.04018
13.30021
11.26016
32.8205
29.70058
26.45051
23.00043
20.28037
16.12027
12.63019
10.31014
29.44058
26.0805
23.87045
18.05032
14.58024
12.7702
13.70022
26.0905
15.84027
9.600124
34.14028
30.68061
27.98055
24.29046
20.98038
17.4903
14.12023
10.60015
12.17018
29.27057
18.71033
11.18016
11.82018
9.990133
32.44056
29.58058
23.64045
21.30039
19.80036
17.3203
14.71024
12.20018
12.30019
11.37016
34.53021
32.7905
30.4706
28.24055
25.9405
23.50044
18.16032
13.0502
10.14014
10.22014
28.58056
24.17046
22.31042
18.70033
16.55028
14.27023
13.55021
10.89015
11.28016
22.76043
20.28037
17.85031
15.25025
12.7402
10.12014
10.56015
33.32042
28.50056
23.90045
18.38033
13.68022
10.35014
10.29014
35.1901
32.62053
30.4006
27.74054
25.18048
22.75043
19.62035
16.11027
28.84056
26.2205
12.14018
27.47053
26.24051
23.02043
19.64035
16.37028
13.31021
10.99016
12.9402
32.99047
29.65058
26.35051
24.57047
21.11039
17.74031
14.30023
13.57022
18.19032
35.50005
17.2903
33.77034
16.20028
10.56015
18.64033
16.18027
14.18023
11.82018
12.02018
12.26019
11.20016
33.45039
31.06062
28.75056
26.50051
24.33046
11.69017
13.53021
10.78015
22.99043
20.84038
18.67033
16.28028
14.48024
12.03018
11.60017
31.43062
28.95057
26.60051
24.14046
15.14025
12.13018
29.78059
23.65045
17.1603
13.62022
11.87018
32.76051
26.79052
20.15037
13.50021
10.49014
29.16057
22.52042
16.01027
13.0402
31.82063
25.67049
13.27021
12.47019
12.56019
13.27021
24.61047
20.90038
17.3103
13.77022
10.58015
10.30014
35.45006
33.30042
31.66063
29.37058
27.33053
24.90047
22.66042
19.83036
17.51031
15.02025
12.14018
11.03016
34.34024
30.62061
26.67052
22.07041
18.17032
12.18018
12.8502
31.42062
27.21053
24.59047
22.00041
10.38014
10.92015
30.1706
20.61038
10.96016
9.690126
12.04018
22.72042
20.94038
19.64035
17.66031
15.31026
13.62022
14.07023
12.8702
33.94031
31.45062
29.44058
26.48051
23.20044
18.90034
16.08027
12.64019
11.47017
35.70002
32.03063
29.58058
27.85054
24.79047
21.6604
17.0903
12.7702
13.0702
31.24062
25.41049
22.27041
11.87018
11.31016
25.57049
16.92029
11.70017
11.77017
32.49055
21.4404
19.61035
17.51031
15.99027
13.99022
12.09018
12.61019
10.44014
33.56038
30.92061
27.75054
24.97048
21.4404
16.61028
13.1102
11.03016
33.24043
29.36058
27.03052
24.64047
21.8504
20.56038
17.4403
13.93022
11.51017
10.71015
33.81033
29.97059
25.69049
23.20044
18.78033
33.34041
29.59058
24.82047
20.50037
16.06027
11.94018
12.7802
20.56038
33.52038
29.04057
25.09048
20.71038
16.27028
12.19018
11.83018
30.2906
9.86013
11.16016
33.14045
19.48035
14.00023
10.18014
9.950132
12.24018
10.45014
12.66019
27.44053
24.30046
21.94041
18.99034
16.24028
13.39021
13.52021
13.54021
33.84033
30.67061
27.31053
24.67047
21.35039
17.99032
14.57024
12.41019
13.27021
33.63036
30.5506
26.98052
24.01045
20.83038
16.50028
13.34021
11.81017
12.14018
32.74051
28.93057
25.8105
22.54042
10.12014
31.51063
27.95054
26.48051
23.65045
20.76038
17.95032
15.27025
12.28019
10.27014
28.04055
15.98027
11.49017
34.44023
31.60063
28.89057
25.9405
23.24044
20.29037
17.64031
14.83024
12.8602
25.67049
19.89036
17.80031
15.08025
12.8002
10.35014
11.37016
10.27014
26.57051
14.04023
31.90063
29.77059
27.45053
25.19048
23.16043
20.63038
18.45033
15.82027
13.38021
11.02016
12.05018
34.12028
21.19039
13.33021
11.53017
11.36016
33.02047
30.4906
21.8204
15.87027
10.58015
9.960133
32.96048
30.91061
29.19057
27.12053
24.70047
22.46042
20.44037
18.25032
15.75027
13.52021
11.11016
29.12057
22.62042
15.84027
10.56015
10.80015
24.06046
18.81034
13.77022
11.63017
34.90015
31.64063
28.07055
24.81047
21.30039
17.81031
14.58024
10.88015
10.52015
36.4099
31.28062
26.36051
21.10039
16.00027
10.89015
9.930132
31.39062
28.13055
24.58047
21.34039
29.73059
26.0205
21.98041
18.41033
14.77024
10.94016
11.79017
15.45026
33.53038
29.94059
26.77052
22.99043
19.75036
16.49028
12.44019
16.85029
14.22023
13.40021
11.40017
13.60022
11.14016
32.2006
26.88052
21.4704
16.47028
11.08016
11.42017
32.48056
29.80059
27.26053
24.48046
21.6004
18.97034
16.49028
13.69022
11.09016
9.720127
30.5106
24.79047
19.01034
13.37021
14.00023
32.74051
29.64058
27.08052
19.94036
13.14021
13.28021
21.6804
19.05034
16.54028
13.43021
11.53017
12.62019
28.01055
21.4304
14.44024
11.23016
36.11995
33.01047
30.13059
26.97052
35.93998
33.90032
31.84063
29.60058
28.15055
25.9705
24.02045
21.6604
19.57035
17.4003
15.66026
13.62022
10.80015
11.51017
32.89049
31.22062
29.89059
27.71054
25.67049
23.78045
21.94041
19.67035
17.78031
13.48021
10.63015
15.95027
12.8502
29.68058
25.69049
21.6304
17.51031
13.0402
9.950132
11.13016
27.96054
16.99029
12.7402
29.14057
25.30048
20.66038
16.07027
12.9702
10.21014
10.50014
10.16014
34.15028
31.13062
28.45056
25.8005
23.02043
12.35019
11.57017
11.99018
12.68019
12.68019
21.5504
12.32019
31.50063
26.81052
21.99041
17.2403
13.71022
12.33019
30.05059
16.53028
10.08014
10.33014
33.58037
29.70058
25.02048
22.09041
19.13034
16.37028
13.1102
10.12014
9.920132
31.93064
30.00059
27.26053
25.08048
22.82043
19.59035
15.69026
13.0302
10.62015
9.980133
31.55063
27.30053
24.39046
19.98036
14.80024
10.41014
13.21021
31.19062
27.72054
24.88047
22.46042
20.16037
17.87031
11.86018
34.48022
31.02061
25.29048
20.84038
16.50028
12.10018
11.90018
34.38024
29.48058
24.21046
18.86034
13.66022
12.47019
33.50039
28.93057
24.57047
20.43037
16.47028
12.10018
12.8302
33.46039
28.53056
23.06043
18.80033
32.89049
30.4906
27.84054
25.9405
23.80045
21.12039
18.70033
16.12027
13.74022
11.57017
11.86018
32.03063
30.1706
27.83054
25.52049
22.91043
20.47037
17.94032
16.35028
13.96022
11.80017
15.15025
11.41017
12.46019
21.27039
17.61031
14.35023
13.49021
10.09014
35.26009
31.80063
28.18055
24.49047
21.14039
17.2803
13.54021
11.03016
10.46014
35.55004
32.32058
28.23055
24.64047
20.83038
14.40023
10.29014
13.0902
29.74059
23.11043
16.41028
12.23018
9.940132
28.12055
13.54021
11.98018
28.45056
18.63033
15.97027
13.69022
10.19014
12.65019
33.84033
31.42062
29.38058
26.95052
24.72047
21.99041
19.32035
17.1103
14.30023
11.45017
33.94031
30.61061
27.99055
24.19046
20.95038
14.90025
12.8802
34.73018
31.26062
26.40051
23.76045
20.71038
17.3503
15.44026
12.00018
36.30991
31.84063
29.60058
26.92052
24.21046
21.91041
19.36035
17.2603
14.84024
12.7802
12.8402
27.08052
19.27035
12.48019
11.69017
33.58037
30.86061
28.92057
26.78052
24.60047
22.50042
20.70038
18.25032
15.83027
13.63022
12.14018
28.55056
21.07039
34.05029
28.64056
25.27048
21.8504
18.66033
15.25025
11.88018
12.39019
21.6904
18.67033
15.34026
10.12014
24.63047
20.69038
16.49028
12.45019
11.97018
12.33019
23.20044
11.80017
11.02016
31.35062
27.57054
23.21044
19.47035
15.54026
11.99018
12.7402
22.33042
13.54021
12.37019
11.20016
11.56017
13.35021
33.84033
33.95031
31.89063
30.2306
27.51053
25.18048
22.79043
19.61035
17.73031
16.05027
14.28023
11.67017
13.0102
10.14014
35.44006
33.31042
31.26062
29.20057
26.92052
24.93048
30.98061
27.94054
25.02048
22.04041
19.22034
16.37028
14.21023
10.90015
9.820129
32.41057
29.36058
26.77052
23.73045
20.72038
17.64031
14.88025
31.43062
21.5004
11.19016
10.09014
23.20044
13.23021
11.59017
13.32021
10.83015
23.11043
20.88038
18.73033
16.48028
14.15023
13.45021
12.02018
12.62019
36.01996
33.79034
31.87063
29.60058
27.26053
24.50047
20.24037
15.93027
12.32019
13.18021
31.65063
27.93054
24.05046
21.24039
17.2503
33.77034
23.99045
20.07036
15.40026
12.49019
13.65022
31.60063
27.38053
22.67042
18.42033
14.49024
10.27014
10.91015
11.01016
12.36019
11.52017
10.61015
33.69035
30.4406
27.66054
24.94048
22.27041
19.61035
16.91029
13.81022
11.87018
11.95018
32.71052
29.87059
26.89052
24.47046
20.74038
18.26032
15.28025
12.54019
12.14018
11.51017
34.40023
31.16062
28.13055
25.22048
21.4604
17.3603
13.79022
12.7402
30.95061
27.85054
25.30048
22.77043
20.32037
15.79027
12.9402
10.68015
12.8202
35.72001
30.87061
27.24053
23.81045
20.05036
16.42028
32.30059
29.37058
23.94045
21.38039
19.18034
16.17027
13.39021
10.67015
28.30055
14.41023
22.04041
18.94034
15.95027
13.48021
13.20021
28.11055
19.45035
17.0903
14.80024
12.8102
12.10018
9.720127
34.81017
32.64053
29.99059
27.73054
25.14048
22.78043
20.07036
17.4803
15.13025
12.50019
12.51019
9.940132
10.18014
33.33041
31.42062
28.93057
22.83043
16.17027
10.99016
34.24026
31.35062
28.85056
26.1205
23.60044
20.48037
17.51031
14.43023
11.80017
13.94022
32.95048
26.61051
20.05036
13.0702
9.640125
32.8305
30.06059
27.01052
24.14046
21.01039
18.92034
15.63026
13.40021
10.46014
31.97064
32.73051
29.38058
26.2005
22.65042
19.34035
15.80027
12.52019
9.930132
34.69019
31.42062
28.16055
24.84047
22.10041
31.61063
28.22055
24.49047
21.01039
18.25032
14.29023
12.47019
13.0302
31.44062
28.08055
25.03048
21.35039
17.83031
22.07041
19.51035
16.73029
13.74022
12.43019
13.88022
10.70015
32.05063
29.70058
26.84052
23.91045
21.24039
18.65033
15.39026
13.15021
17.3103
15.11025
13.41021
10.79015
10.01013
35.97997
33.23043
30.13059
27.58054
24.42046
21.96041
18.42033
15.04025
12.06018
11.52017
36.49988
33.10045
29.96059
27.09052
24.00045
19.46035
13.93022
11.21016
10.45014
31.92064
26.57051
23.73045
20.61038
17.67031
13.69022
32.52055
28.67056
18.46033
11.58017
9.920132
33.38041
24.59047
15.25025
12.9602
25.8705
18.35032
10.97016
29.70058
20.13037
12.09018
13.98022
10.31014
36.10995
29.17057
26.87052
24.65047
23.03043
20.63038
18.52033
15.96027
13.48021
11.35016
11.62017
33.57037
30.92061
27.71054
24.51047
20.64038
15.90027
11.47017
11.27016
32.41057
29.72058
26.43051
24.23046
21.91041
18.79033
15.89027
14.11023
12.8402
10.65015
33.95031
29.77059
26.62051
23.15043
30.07059
24.62047
19.94036
12.51019
32.33058
27.38053
22.63042
17.85031
29.73059
26.63051
23.50044
20.14037
17.01029
13.90022
12.9202
11.69017
10.37014
30.14059
26.89052
23.78045
21.02039
17.69031
15.08025
11.90018
13.98022
16.41028
13.17021
10.85015
9.770128
12.11018
33.97031
30.10059
26.81052
23.11043
19.56035
15.89027
12.37019
10.64015
33.16044
30.1906
27.42053
24.16046
21.36039
17.86031
14.68024
11.68017
13.38021
33.79034
29.60058
26.69052
23.12043
18.77033
14.87024
13.77022
32.57054
29.89059
26.94052
9.750128
33.83033
30.60061
27.33053
23.93045
20.23037
17.78031
13.97022
12.9502
21.35039
10.01013
35.38007
31.51063
27.85054
24.26046
21.4304
17.92031
14.15023
11.38017
10.78015
26.79052
24.63047
22.46042
19.94036
17.4703
14.63024
11.88018
12.25019
12.45019
36.3799
33.45039
30.75061
27.95054
25.24048
22.03041
17.3103
13.76022
10.73015
31.59063
27.96054
24.52047
20.78038
9.740128
28.53056
22.40042
15.71026
12.15018
11.13016
27.41053
20.89038
26.1705
20.89038
15.66026
12.47019
12.64019
29.52058
24.68047
18.90034
13.21021
9.900131
14.47024
12.29019
10.98016
10.62015
32.38057
29.09057
25.24048
22.13041
18.10032
14.37023
13.19021
11.73017
33.68036
30.4806
27.79054
24.28046
20.53037
17.1403
13.66022
10.56015
31.20062
27.51053
24.19046
20.46037
16.36028
12.40019
35.65002
32.09062
28.46056
33.09045
26.1205
18.01032
10.39014
10.52015
26.75052
18.94034
13.65022
12.23018
25.42049
22.70042
20.59038
18.04032
15.28025
11.59017
10.83015
21.21039
17.50031
13.79022
13.75022
9.890131
33.64036
31.30062
29.48058
26.90052
24.24046
21.5104
18.53033
16.56028
12.7702
32.26059
28.19055
23.53044
19.28035
15.53026
12.30019
13.0102
28.43056
21.6604
14.69024
12.08018
33.45039
30.13059
26.1705
22.22041
19.01034
14.93025
13.48021
12.9802
33.11045
26.75052
19.60035
13.36021
11.10016
13.0502
11.41017
32.44056
30.2506
27.92054
25.31048
23.30044
20.56038
18.23032
15.42026
12.27019
11.73017
34.36024
31.98064
29.43058
26.56051
23.92045
20.43037
13.99022
10.44014
10.46014
30.94061
25.09048
22.66042
19.78036
17.1903
14.91025
13.46021
10.71015
33.78034
31.52063
29.82059
27.30053
25.08048
17.4603
12.68019
11.78017
31.98064
27.72054
25.25048
22.13041
19.43035
17.4203
14.51024
12.56019
10.53015
31.10062
27.02052
23.02043
18.67033
14.10023
11.54017
11.01016
32.88049
29.89059
27.41053
24.49047
21.95041
18.80033
16.17027
13.43021
31.76063
27.83054
35.61003
29.55058
24.22046
18.41033
12.62019
10.93015
10.38014
30.85061
27.84054
24.29046
21.40039
18.14032
15.12025
11.77017
10.20014
34.22026
30.87061
27.85054
25.38049
21.98041
18.81034
16.47028
19.50035
14.79024
12.8802
10.59015
32.46056
23.37044
13.39021
9.85013
33.06046
28.24055
23.90045
19.76036
14.86024
11.17016
10.23014
25.9705
15.97027
10.45014
12.9802
11.99018
10.04013
32.14061
29.82059
27.48053
24.92048
22.68042
20.73038
18.32032
15.75027
13.33021
13.38021
35.15011
33.03046
30.5506
28.17055
25.68049
23.27044
14.71024
9.690126
27.43053
20.42037
13.39021
10.78015
31.22062
25.14048
19.61035
13.17021
10.07014
31.83063
25.52049
18.46033
11.45017
32.47056
26.42051
17.57031
11.14016
12.07018
28.80056
21.41039
32.75051
29.16057
25.45049
21.6004
17.77031
14.02023
13.1002
10.27014
32.42057
28.52056
24.93048
20.99039
17.00029
13.35021
20.38037
17.88031
15.76027
12.8002
11.14016
12.29019
9.970133
23.29044
11.26016
32.10062
30.1806
27.14053
24.66047
22.36042
19.44035
16.72029
14.09023
12.01018
11.03016
21.4404
13.47021
10.77015
12.7202
32.86049
30.3506
33.4104
31.29062
29.20057
26.91052
24.46046
21.96041
19.80036
18.33032
15.64026
13.31021
10.53015
33.61037
31.10062
28.69056
27.19053
25.59049
22.92043
12.53019
29.42058
26.89052
24.13046
21.06039
17.92031
14.67024
11.59017
13.97022
33.67036
25.13048
17.2603
21.7804
18.82034
15.44026
34.64019
14.59024
13.0602
10.61015
11.16016
11.61017
31.02061
26.97052
22.38042
19.09034
14.37023
10.06013
9.990133
33.4104
30.2506
27.57054
24.51047
21.7004
18.89034
16.17027
13.14021
11.87018
29.87059
26.1105
21.6104
16.58028
11.71017
34.13028
30.71061
28.56056
23.44044
20.77038
17.88031
15.15025
12.7602
12.45019
10.38014
31.11062
28.44056
25.56049
23.13043
20.45037
17.86031
15.16025
12.36019
10.18014
10.13014
10.37014
11.39017
11.39017
32.44056
29.74059
26.64051
24.65047
22.31042
19.55035
17.92031
15.24025
13.94022
12.04018
32.56054
29.87059
27.07052
24.12046
21.01039
18.09032
14.89025
12.18018
12.38019
33.04046
29.97059
27.21053
25.07048
21.42039
16.31028
12.22018
11.36016
33.59037
28.54056
25.22048
22.65042
13.18021
29.22057
16.13027
12.9102
30.74061
15.74026
27.43053
25.20048
23.01043
20.88038
19.02034
16.45028
13.93022
11.38017
11.02016
34.99014
32.41057
30.4406
28.42056
26.1205
23.80045
22.22041
19.65035
17.2303
15.01025
12.8702
12.36019
13.29021
11.60017
10.67015
30.05059
25.9205
20.99039
16.19028
13.0502
10.89015
28.87057
23.40044
18.53033
12.8302
12.9102
32.07063
27.98055
23.58044
18.75033
13.80022
10.08014
33.25043
27.94054
20.43037
18.48033
16.52028
14.05023
11.80017
10.73015
35.86999
33.70035
30.96061
28.98057
26.29051
23.96045
22.05041
19.38035
17.1303
14.66024
12.8502
10.53015
10.73015
13.68022
32.11062
29.96059
26.1905
23.81045
21.09039
18.81034
16.64029
13.86022
13.22021
33.96031
31.04062
27.56054
24.38046
11.06016
11.46017
22.25041
20.48037
17.63031
15.27025
12.67019
32.05063
28.78056
12.7602
31.54063
17.96032
10.62015
14.02023
26.44051
24.15046
21.6304
18.98034
16.30028
14.78024
12.67019
13.55021
10.34014
30.72061
23.12043
15.50026
10.00013
32.2506
29.57058
27.02052
24.30046
21.5304
18.63033
16.08027
13.27021
13.57022
10.82015
32.7905
25.08048
14.39023
12.32019
10.39014
27.69054
22.03041
16.39028
11.42017
11.90018
35.30008
31.48063
27.71054
24.90047
21.10039
17.61031
13.82022
10.17014
30.72061
25.09048
18.87034
12.8902
10.14014
34.42023
30.5206
26.61051
20.46037
17.2703
15.02025
11.73017
13.1202
34.08029
31.11062
28.50056
25.27048
22.22041
19.50035
16.87029
13.60022
10.91015
12.04018
12.21018
12.17018
33.64036
29.45058
25.32048
21.02039
16.84029
12.7002
12.05018
35.1901
22.38042
13.40021
34.76017
30.2306
26.37051
30.11059
19.82036
10.78015
16.12027
31.49063
20.63038
9.910131
11.61017
25.26048
22.10041
19.41035
16.39028
13.49021
10.34014
10.66015
34.94014
31.82063
28.60056
25.48049
22.97043
19.38035
15.63026
11.97018
11.26016
34.08029
29.99059
27.34053
24.17046
21.5104
18.22032
15.29025
12.41019
12.60019
33.67036
30.12059
26.95052
24.14046
20.61038
15.73026
11.86018
11.46017
34.69019
21.8604
10.64015
32.31059
28.62056
24.94048
21.5304
18.07032
13.92022
13.0002
31.76063
19.90036
13.50021
10.20014
35.1701
31.16062
27.26053
23.18044
11.42017
32.95048
30.61061
28.65056
26.45051
24.60047
9.730127
12.64019
11.05016
35.57004
33.4304
31.58063
29.82059
27.67054
25.8405
23.88045
18.27032
13.36021
10.25014
28.53056
23.78045
18.32032
13.0102
9.910131
10.90015
34.26026
28.55056
32.8205
29.21057
25.42049
21.7804
19.25035
15.46026
12.10018
11.97018
33.63036
29.91059
26.63051
23.10043
19.53035
16.13027
23.52044
20.88038
17.78031
14.59024
11.79017
10.85015
12.51019
32.17061
29.34058
26.1205
23.94045
20.91038
17.75031
14.56024
11.84018
12.8702
10.38014
11.85018
11.08016
33.03046
11.43017
33.78034
30.3406
27.03052
23.50044
20.20037
17.01029
13.97022
12.09018
10.84015
17.2303
10.87015
9.910131
11.45017
34.52021
32.2506
29.93059
27.75054
25.9305
23.48044
21.7104
19.16034
16.78029
14.40023
12.09018
11.81017
34.09029
20.83038
13.47021
31.41062
27.93054
26.1705
24.07046
21.93041
15.83027
10.97016
31.79063
29.59058
27.06052
24.29046
21.5904
19.11034
16.30028
13.62022
13.32021
11.56017
34.06029
28.20055
22.23041
16.01027
12.34019
33.4104
30.4706
27.74054
25.32048
22.33042
19.64035
17.04029
14.40023
14.01023
12.51019
36.05996
29.87059
24.54047
33.31042
30.77061
28.34055
26.1405
24.17046
22.17041
19.64035
17.2303
14.95025
12.63019
11.76017
10.78015
31.51063
30.09059
27.79054
25.57049
23.53044
21.7504
19.55035
17.4403
12.50019
22.48042
18.85034
16.01027
12.19018
10.13014
13.22021
28.84056
22.03041
15.57026
12.59019
32.2006
29.31058
25.33048
21.6904
18.24032
14.86024
13.63022
10.92015
32.93048
25.8405
19.11034
32.77051
11.15016
11.16016
12.22018
24.21046
20.54037
16.24028
11.79017
12.9002
32.99047
29.99059
26.91052
24.09046
21.29039
17.95032
14.39023
11.06016
10.04013
34.99014
30.3306
25.65049
21.4804
16.40028
12.9602
9.980133
34.04029
29.97059
27.24053
23.89045
20.70038
12.7702
10.33014
28.41055
21.8204
14.96025
11.58017
33.82033
26.92052
19.97036
17.82031
15.82027
13.76022
11.72017
13.37021
12.35019
21.18039
13.84022
33.23043
30.97061
28.97057
26.97052
24.67047
22.45042
20.17037
18.25032
15.66026
13.33021
11.18016
9.690126
22.86043
10.03013
32.8405
30.4506
28.71056
23.61045
19.50035
15.38026
11.14016
12.7002
31.12062
26.1805
20.56038
15.00025
11.80017
31.45062
28.25055
23.96045
19.86036
15.78027
20.49037
19.21034
17.05029
14.78024
12.9102
13.88022
11.57017
12.12018
34.0103
31.69063
29.91059
27.86054
25.72049
23.83045
22.01041
20.06036
17.81031
15.93027
13.62022
13.31021
11.97018
11.06016
35.14011
32.91048
30.86061
27.10052
24.15046
21.6404
18.67033
15.46026
12.22018
10.52015
34.0103
30.5406
26.94052
23.75045
20.49037
15.98027
11.98018
11.64017
30.81061
27.35053
23.93045
20.58038
16.88029
13.49021
13.24021
10.75015
32.39057
29.61058
26.37051
22.44042
19.04034
11.51017
28.25055
17.60031
11.96018
30.63061
17.78031
15.75027
13.55021
13.48021
12.9202
13.72022
33.9903
30.09059
26.43051
22.60042
18.98034
15.17025
12.39019
10.71015
33.69035
32.36058
29.72058
27.79054
25.28048
23.11043
20.18037
18.27032
15.97027
14.55024
11.77017
11.07016
34.0103
30.1706
26.63051
22.91043
18.64033
12.55019
11.49017
29.84059
18.74033
12.27019
10.37014
19.43035
14.07023
13.52021
12.11018
29.75059
24.16046
18.00032
12.19018
31.48063
25.9805
9.730127
9.660126
24.36046
21.5504
19.21034
16.88029
15.59026
13.0102
11.96018
12.12018
31.65063
27.96054
24.54047
20.47037
16.51028
12.8502
11.80017
33.51038
31.04062
28.28055
25.8805
23.21044
20.56038
17.51031
15.63026
12.8102
13.14021
10.80015
36.54987
31.87063
28.19055
24.29046
19.69036
27.08052
23.43044
19.12034
14.97025
13.53021
10.90015
32.48056
28.18055
23.84045
19.65035
15.78027
11.79017
12.28019
11.47017
22.48042
17.4703
15.26025
13.0502
12.9902
13.48021
11.46017
31.50063
29.01057
26.2205
23.76045
21.10039
17.90031
16.05027
13.76022
10.29014
32.8305
30.4906
12.17018
11.00016
22.06041
19.82036
25.9605
17.1003
13.69022
32.2206
24.17046
15.26025
12.21018
11.75017
17.73031
13.81022
10.86015
10.50014
34.74018
32.56054
30.65061
28.41055
26.34051
23.90045
21.4704
19.14034
17.0603
14.87024
12.00018
36.23993
32.38057
28.49056
24.30046
18.77033
13.70022
11.44017
34.6002
28.97057
24.30046
21.4804
19.20034
17.1203
14.80024
13.1102
11.14016
32.56054
29.01057
30.3106
26.1605
22.28041
18.41033
14.84024
12.38019
12.11018
32.68052
28.68056
24.88047
21.16039
17.4703
28.16055
26.77052
24.33046
22.42042
20.06036
17.90031
16.13027
13.66022
11.45017
10.42014
33.72035
31.71063
29.48058
27.28053
25.69049
23.41044
21.06039
19.29035
16.91029
14.48024
12.20018
11.39017
14.36023
12.62019
9.660126
12.31019
10.73015
10.97016
32.7905
30.72061
27.78054
25.78049
22.91043
20.15037
17.76031
14.88025
12.59019
10.66015
19.11034
13.57022
33.97031
23.67045
13.57022
11.84018
31.18062
22.68042
13.0802
10.48014
24.93048
15.43026
9.960133
26.87052
17.77031
14.55024
12.8402
13.48021
11.33016
36.48988
33.9803
31.57063
29.32058
26.55051
24.37046
21.38039
19.03034
16.22028
11.81017
32.86049
29.92059
26.81052
22.15041
19.16034
13.99022
10.91015
13.40021
34.44023
30.5806
26.89052
24.39046
21.5404
18.84034
16.49028
13.79022
12.8502
33.50039
30.70061
27.70054
24.90047
21.7504
18.39033
15.22025
12.62019
10.04013
32.18061
27.45053
22.40042
18.27032
13.0602
9.910131
33.83033
30.93061
27.19053
24.53047
21.32039
18.20032
15.04025
12.12018
10.78015
33.63036
28.84056
24.34046
19.37035
33.34041
27.16053
23.77045
20.99039
17.4203
14.10023
12.62019
11.32016
21.4704
18.61033
15.02025
23.00043
19.46035
15.74026
12.41019
11.34016
9.660126
31.82063
28.09055
24.22046
20.19037
16.31028
12.7002
9.880131
11.85018
13.51021
12.06018
12.9002
10.07014
35.41006
19.48035
12.24018
33.46039
31.60063
29.33058
27.17053
24.96048
22.94043
20.80038
18.55033
16.34028
15.10025
12.9102
12.43019
25.36049
13.36021
9.85013
32.69052
29.52058
27.55054
25.69049
24.04045
21.5404
19.64035
17.3203
15.52026
12.31019
30.78061
28.40055
25.8705
22.38042
19.13034
15.90027
12.9002
13.63022
9.84013
37.88965
35.15011
32.50055
29.05057
26.97052
24.34046
21.6404
17.66031
13.57022
13.1102
31.67063
26.76052
22.48042
16.67029
30.4406
32.2406
23.64045
15.21025
10.49014
30.2906
21.90041
14.02023
22.64042
20.08036
17.63031
14.62024
12.55019
12.00018
10.99016
34.35024
31.88063
29.25057
26.60051
24.17046
21.94041
19.30035
17.3703
12.63019
10.06013
21.6504
17.83031
13.49021
9.670126
12.01018
33.19044
29.81059
26.61051
23.27044
19.91036
16.84029
13.45021
10.23014
32.03063
27.80054
23.51044
19.76036
15.71026
11.80017
9.660126
35.70002
32.56054
28.87057
25.8705
22.34042
19.03034
31.05062
31.93064
32.46056
29.82059
26.94052
24.45046
22.05041
19.86036
17.01029
14.10023
11.28016
11.19016
33.11045
30.3206
27.38053
24.92048
21.90041
19.19034
16.55028
13.67022
16.90029
12.07018
11.45017
11.40017
26.43051
13.34021
19.79036
14.85024
10.29014
13.88022
12.7102
29.40058
19.36035
17.0903
15.53026
13.23021
11.81017
10.03013
13.19021
33.15044
32.04063
29.83059
27.61054
25.45049
22.98043
19.66035
17.2403
13.21021
13.15021
33.82033
31.31062
27.98055
23.99045
19.62035
13.83022
12.10018
11.75017
32.2406
27.11053
24.19046
22.52042
19.86036
17.2203
15.19025
34.19027
31.44062
29.24057
23.35044
18.35032
13.26021
13.65022
33.65036
28.60056
23.89045
20.06036
15.27025
10.53015
10.86015
13.54021
35.54004
29.38058
23.57044
17.3003
11.27016
11.83018
29.63058
23.93045
13.65022
32.06063
29.11057
26.0905
23.12043
20.16037
17.05029
13.87022
10.75015
10.52015
26.27051
13.18021
32.2506
28.88057
27.02052
23.82045
19.70036
14.83024
11.28016
9.84013
21.4304
11.56017
31.81063
26.43051
21.15039
16.20028
13.36021
16.26028
14.52024
11.87018
11.93018
11.99018
35.68002
32.7905
30.5906
27.93054
25.33048
22.35042
19.80036
17.1803
14.78024
13.65022
12.25019
32.55054
30.4306
28.05055
20.58038
14.93025
10.66015
24.25046
11.26016
33.78034
27.68054
21.6704
15.64026
13.65022
11.14016
22.36042
29.07057
12.52019
10.17014
10.88015
10.72015
29.48058
27.01052
23.38044
20.06036
16.29028
13.56021
21.7604
19.54035
16.46028
13.62022
13.21021
12.54019
10.56015
35.58004
32.17061
28.48056
25.17048
21.26039
28.01055
23.90045
20.15037
15.72026
13.72022
13.29021
14.10023
34.16027
30.3106
26.0705
21.97041
18.72033
14.54024
11.20016
15.51026
13.69022
12.8302
10.50014
13.29021
23.59044
10.78015
32.8105
30.61061
27.58054
24.83047
22.14041
19.66035
16.54028
13.74022
10.59015
30.78061
16.90029
11.30016
36.27992
33.52038
30.72061
27.68054
19.71036
12.36019
34.84016
32.28059
29.69058
27.03052
24.57047
21.6304
19.47035
16.95029
14.02023
11.42017
10.64015
36.10995
28.65056
21.16039
13.60022
11.70017
31.89063
28.88057
25.8605
23.07043
20.34037
17.59031
11.07016
30.09059
26.93052
24.82047
22.50042
20.27037
18.50033
15.96027
14.08023
11.95018
9.900131
10.60015
27.21053
17.56031
10.95016
31.95064
29.84059
27.97054
25.75049
23.99045
12.9802
30.69061
25.37049
20.89038
15.18025
11.39017
10.97016
29.47058
24.13046
19.10034
28.90057
26.86052
24.78047
22.64042
20.66038
18.35032
16.42028
14.28023
13.20021
10.81015
35.34008
33.17044
31.33062
29.12057
27.03052
24.89047
22.82043
20.70038
18.70033
16.77029
14.26023
12.49019
13.79022
11.02016
10.77015
10.46014
33.55038
31.43062
28.82056
26.77052
24.18046
22.20041
19.92036
17.4203
14.90025
13.45021
13.15021
34.05029
30.77061
27.19053
23.80045
20.72038
15.77027
10.23014
9.810129
32.08062
26.43051
22.92043
20.53037
17.88031
15.35026
12.8702
14.08023
31.16062
27.58054
12.8302
33.66036
30.82061
27.99055
24.91047
22.19041
19.21034
16.18027
13.0102
12.52019
11.32016
12.62019
30.90061
28.32055
25.8905
23.17043
20.54037
17.4003
24.96048
22.50042
20.41037
17.83031
15.32026
12.64019
10.18014
10.53015
31.72063
29.54058
27.22053
25.11048
22.63042
20.62038
18.46033
15.98027
10.89015
10.01013
28.71056
22.97043
16.39028
12.12018
11.09016
29.29058
14.34023
27.97054
21.5704
15.27025
33.90032
27.84054
12.00018
11.30016
11.40017
12.02018
29.95059
26.0305
22.50042
18.52033
14.29023
10.67015
10.21014
31.50063
27.70054
24.74047
21.08039
17.05029
13.34021
12.50019
10.12014
31.75063
27.50053
23.62045
20.38037
15.98027
11.88018
31.71063
27.74054
24.55047
27.80054
17.2903
11.84018
12.44019
11.29016
34.78017
32.29059
29.84059
28.27055
25.8105
23.29044
21.06039
19.21034
16.54028
13.66022
13.0902
27.87054
19.63035
13.75022
11.79017
34.43023
31.21062
28.27055
25.9505
23.54044
20.97038
18.85034
15.99027
13.52021
26.85052
22.72042
20.67038
18.39033
15.99027
14.36023
11.89018
12.26019
9.900131
33.60037
25.9805
18.48033
13.35021
33.26043
32.02063
29.59058
27.45053
25.01048
23.07043
21.07039
18.64033
16.66029
15.43026
12.9202
12.12018
35.8
28.10055
19.94036
11.07016
13.65022
13.29021
10.41014
32.30059
32.62053
30.2906
28.15055
26.0305
23.90045
21.7904
19.65035
17.50031
15.88027
13.56021
11.69017
21.07039
35.1901
32.98047
30.90061
28.60056
26.47051
24.46046
22.44042
18.14032
13.98022
11.19016
29.80059
25.8505
21.6104
17.66031
14.07023
11.14016
11.77017
33.01047
29.10057
25.34048
21.39039
17.62031
13.33021
13.0202
10.71015
31.42062
27.62054
23.65045
19.94036
16.16027
11.90018
30.04059
26.2205
13.82022
12.30019
9.940132
11.49017
32.49055
29.18057
26.33051
22.98043
19.71036
16.99029
13.32021
10.44014
10.89015
31.53063
27.82054
23.86045
19.74036
15.77027
11.56017
12.8702
30.06059
26.52051
22.77043
19.88036
16.25028
12.8602
33.32042
30.01059
25.8405
21.4804
18.43033
14.93025
11.93018
11.47017
30.94061
21.16039
12.7402
35.50005
32.10062
28.77056
26.0505
23.00043
19.68036
16.93029
13.78022
10.87015
35.37007
25.58049
15.75027
9.730127
13.72022
10.76015
35.52005
32.48056
33.02047
30.65061
28.58056
26.64051
24.56047
21.98041
19.68036
17.4503
15.16025
12.8602
11.52017
34.65019
32.46056
30.1906
27.93054
25.62049
23.52044
21.00039
13.23021
12.08018
28.11055
21.12039
14.33023
10.23014
12.38019
29.09057
19.91036
11.03016
9.880131
26.0305
15.36026
13.44021
11.37016
10.02013
10.66015
30.82061
27.14053
23.72045
20.21037
17.1603
13.59022
10.26014
33.57037
31.42062
29.03057
26.57051
23.84045
21.37039
19.60035
16.85029
14.30023
11.60017
11.75017
35.62003
31.60063
27.90054
24.20046
19.91036
14.94025
10.45014
31.13062
27.28053
24.73047
24.86047
10.77015
29.89059
15.71026
11.70017
12.28019
22.16041
17.55031
13.75022
10.15014
11.02016
34.98014
32.62053
30.4006
27.62054
25.10048
22.41042
19.51035
17.4203
14.96025
11.79017
10.20014
30.4506
26.24051
21.11039
16.19028
11.18016
11.61017
31.89063
28.49056
26.30051
24.37046
21.96041
34.30025
25.66049
17.1703
10.11014
10.58015
12.68019
10.54015
10.01013
33.08046
31.91063
29.78059
27.33053
25.16048
22.84043
20.68038
18.43033
16.16027
13.68022
11.44017
11.40017
33.48039
30.84061
28.63056
26.77052
25.13048
22.67042
29.37058
25.22048
21.04039
16.94029
13.0002
13.16021
35.86999
31.48063
27.21053
23.54044
19.08034
15.28025
12.21018
16.14027
10.35014
12.64019
22.75043
20.07036
18.10032
15.41026
12.7802
12.19018
10.61015
33.48039
30.92061
27.99055
24.96048
22.57042
12.7302
9.800129
22.98043
20.14037
17.67031
15.10025
13.1002
33.37041
30.60061
27.94054
15.45026
36.25992
24.46046
13.31021
9.890131
26.46051
23.85045
21.28039
18.99034
16.82029
14.37023
11.96018
10.16014
10.15014
25.26048
10.79015
33.48039
31.14062
28.82056
26.94052
24.18046
22.24041
19.62035
17.3303
14.69024
12.21018
10.42014
15.38026
33.89032
28.98057
24.25046
19.54035
15.04025
13.19021
11.17016
30.68061
25.8205
20.96038
16.39028
11.43017
10.53015
17.3403
15.24025
12.9202
10.78015
11.66017
10.60015
34.10028
31.80063
29.92059
27.46053
25.22048
22.87043
20.33037
18.30032
15.59026
13.0802
11.42017
11.46017
10.42014
10.35014
22.59042
20.90038
18.79033
16.41028
14.55024
12.06018
11.90018
12.26019
32.28059
29.81059
27.05052
23.65045
20.68038
17.2403
14.20023
11.24016
11.60017
34.34024
31.87063
29.12057
26.38051
24.08046
22.17041
17.4603
14.57024
29.93059
25.63049
11.58017
23.80045
10.96016
11.59017
11.91018
10.49014
25.03048
22.40042
19.80036
17.4103
15.28025
12.45019
10.39014
11.90018
34.57021
32.54055
30.2806
27.93054
25.39049
23.02043
20.66038
16.55028
13.93022
10.63015
32.60054
28.57056
24.09046
21.03039
16.68029
13.32021
10.19014
33.64036
29.14057
25.26048
22.84043
20.74038
16.48028
12.8302
10.22014
36.03996
28.47056
22.69042
16.81029
13.52021
10.22014
35.10012
32.08062
29.00057
25.73049
22.52042
19.46035
16.38028
13.88022
12.66019
11.35016
30.07059
24.23046
18.04032
12.28019
13.40021
30.5406
27.98055
24.87047
11.49017
11.95018
10.51015
32.33058
27.80054
23.41044
19.03034
14.48024
12.04018
11.35016
10.22014
31.22062
27.62054
34.10028
31.97064
30.1906
28.50056
26.1005
23.94045
21.8204
19.70036
17.85031
15.88027
14.37023
11.45017
34.6102
32.2006
30.3106
28.15055
25.9805
24.89047
22.73042
20.65038
18.95034
14.39023
12.15018
11.52017
23.16043
20.96038
18.10032
15.82027
13.37021
12.37019
12.47019
10.70015
33.52038
31.11062
28.90057
27.24053
24.80047
22.60042
20.24037
18.56033
16.05027
13.83022
13.1202
33.51038
31.22062
28.80056
26.1805
22.71042
17.70031
12.05018
10.38014
33.93031
27.57054
22.14041
17.89031
16.84029
9.740128
11.29016
23.61045
9.970133
11.47017
11.50017
30.85061
28.84056
27.03052
24.70047
22.14041
20.14037
17.4803
15.38026
12.9902
11.40017
35.27009
33.26043
30.82061
28.19055
26.2305
23.91045
21.4804
17.1603
13.18021
11.26016
26.39051
18.63033
11.56017
10.86015
31.76063
27.85054
23.64045
19.75036
15.35026
11.47017
9.930132
28.63056
21.37039
14.19023
12.66019
33.3904
29.35058
25.04048
36.12994
33.66036
31.13062
29.02057
26.60051
24.31046
21.95041
20.07036
17.62031
15.33026
13.0902
10.14014
32.93048
31.13062
28.68056
26.37051
23.88045
21.5804
19.45035
17.03029
15.44026
9.870131
20.66038
17.1103
13.98022
11.82018
12.31019
9.83013
26.92052
19.96036
12.49019
13.0102
29.77059
26.75052
22.81043
19.00034
15.15025
11.69017
10.36014
30.07059
23.13043
15.71026
10.08014
34.18027
20.07036
11.99018
15.41026
11.51017
32.49055
22.96043
12.9402
9.760128
10.60015
9.620125
31.50063
26.65051
24.68047
22.63042
20.04036
17.4303
15.42026
12.8702
10.18014
37.43972
34.71018
32.50055
30.4806
28.08055
25.49049
20.00036
13.57022
11.86018
34.84016
27.94054
21.6804
19.18034
16.31028
13.25021
13.82022
13.69022
31.86063
28.68056
27.24053
24.93048
22.10041
11.29016
33.30042
34.31025
26.46051
18.43033
13.70022
34.39024
26.75052
33.90032
31.08062
27.29053
23.65045
19.96036
16.40028
12.66019
12.66019
34.07029
30.4306
26.97052
23.44044
19.79036
16.18027
13.83022
20.42037
17.4803
14.53024
11.03016
11.27016
10.63015
32.17061
22.25041
12.8702
11.99018
31.52063
28.60056
25.54049
22.38042
18.82034
18.08032
14.99025
11.38017
11.13016
10.88015
31.38062
28.49056
24.90047
20.98038
17.62031
13.98022
10.20014
10.07014
12.55019
13.60022
10.47014
31.69063
27.96054
10.96016
32.49055
29.77059
27.36053
25.20048
23.03043
20.47037
18.58033
16.01027
13.61022
11.26016
11.12016
25.73049
13.0902
31.92064
29.91059
27.40053
24.75047
22.21041
19.97036
13.0802
11.26016
28.82056
26.30051
23.93045
21.8204
19.85036
17.4503
15.20025
13.1002
13.32021
28.07055
21.4904
15.09025
10.98016
36.02996
33.59037
31.31062
28.93057
26.96052
24.53047
22.33042
19.73036
17.57031
15.20025
12.59019
34.81017
28.38055
21.5004
17.94032
14.15023
11.58017
10.32014
9.700127
33.56038
31.72063
29.53058
27.19053
24.99048
22.55042
20.01036
17.97032
16.91029
14.53024
12.34019
10.12014
13.99022
31.35062
29.48058
27.33053
21.7804
18.23032
12.36019
21.12039
18.10032
14.10023
10.66015
11.55017
10.01013
34.35024
30.2906
26.30051
23.20044
18.79033
14.60024
11.98018
30.79061
26.93052
23.20044
18.71033
14.64024
10.71015
10.86015
32.72052
28.84056
24.77047
20.86038
16.53028
14.05023
13.96022
9.86013
10.28014
34.6302
30.4506
31.43062
27.84054
24.51047
20.77038
17.2003
13.87022
13.44021
17.2003
36.17994
32.42057
29.04057
25.64049
22.12041
18.47033
25.71049
21.7104
17.79031
13.82022
10.36014
10.71015
21.89041
32.16061
27.75054
23.74045
19.63035
15.66026
12.8502
10.37014
31.08062
15.44026
13.14021
11.12016
10.64015
11.06016
13.20021
19.31035
11.94018
32.87049
31.43062
29.37058
27.20053
25.12048
9.810129
11.28016
9.740128
25.9905
18.76033
11.69017
10.96016
30.3406
23.25044
16.09027
13.15021
10.39014
9.770128
31.20062
28.24055
25.57049
22.40042
19.86036
16.72029
13.40021
13.26021
35.88998
32.61053
29.21057
26.0205
24.23046
20.97038
17.66031
23.88045
18.06032
12.9202
14.06023
9.910131
27.47053
22.61042
17.3903
12.31019
12.01018
12.42019
12.9802
9.760128
12.7502
21.8204
19.02034
15.76027
12.9402
13.94022
11.03016
32.69052
30.4306
27.49053
24.37046
21.12039
18.11032
14.82024
11.25016
13.22021
34.54021
31.69063
29.01057
25.8105
23.25044
15.63026
13.0802
10.60015
32.30059
26.2305
20.58038
14.90025
10.63015
31.93064
28.21055
24.80047
20.88038
17.2403
13.64022
13.53021
11.04016
33.33041
27.16053
21.15039
15.45026
9.880131
10.38014
31.01061
27.60054
24.09046
19.61035
17.4303
15.43026
14.00023
11.57017
10.02013
31.78063
29.73059
27.51053
25.9905
23.39044
19.67035
15.98027
12.9602
9.700127
34.07029
30.03059
27.68054
25.22048
21.8504
18.65033
14.74024
12.32019
10.31014
34.41023
30.67061
27.57054
25.15048
22.52042
18.14032
13.78022
10.43014
35.98997
32.12062
28.28055
23.09043
17.82031
12.8702
10.54015
30.93061
26.2205
20.75038
15.74026
10.47014
12.29019
32.26059
27.48053
23.48044
18.82034
13.68022
12.37019
30.5506
25.43049
20.04036
15.59026
34.35024
10.23014
23.66045
20.98038
19.01034
16.30028
13.54021
11.22016
10.65015
9.640125
14.01023
31.74063
28.84056
26.50051
23.89045
21.22039
18.83034
16.46028
13.79022
11.07016
11.74017
19.70036
32.8405
13.22021
29.02057
12.30019
13.77022
13.52021
12.8402
11.97018
33.4104
31.97064
29.85059
27.89054
25.77049
23.56044
21.5104
19.98036
17.60031
16.68029
13.99022
11.67017
32.31059
28.21055
24.49047
20.57038
15.70026
12.7302
9.960133
34.85016
31.02061
28.03055
26.58051
24.51047
21.93041
19.66035
17.3603
15.31026
9.920132
33.92031
29.82059
26.0205
23.03043
20.28037
16.95029
13.47021
11.12016
13.43021
28.83056
24.07046
19.09034
13.82022
10.12014
9.770128
33.59037
31.04062
28.43056
26.2305
24.30046
21.8604
19.35035
16.71029
15.72026
12.9402
10.39014
31.46062
27.59054
22.58042
16.58028
13.24021
11.81017
22.11041
19.15034
16.11027
13.0102
13.1202
13.53021
33.77034
30.76061
28.07055
25.19048
22.52042
19.31035
16.47028
13.59022
11.59017
35.82999
32.88049
29.50058
26.54051
23.66045
18.37033
12.7902
11.22016
35.8
30.3806
26.0405
22.87043
19.96036
14.42023
11.60017
10.81015
10.51015
34.46022
31.49063
18.40033
11.99018
33.54038
30.78061
28.47056
26.43051
24.25046
22.07041
20.16037
17.83031
16.00027
13.50021
12.8802
24.80047
11.07016
34.05029
31.07062
28.67056
26.54051
24.07046
19.90036
16.88029
14.08023
13.37021
12.32019
33.19044
30.85061
27.93054
25.13048
21.6804
18.43033
15.22025
11.76017
11.53017
32.52055
29.09057
25.55049
22.48042
20.15037
15.27025
12.40019
13.87022
10.40014
33.86032
29.22057
26.89052
24.04045
20.59038
17.05029
13.53021
31.08062
28.07055
22.25041
20.35037
17.93032
15.58026
13.0902
12.7102
12.61019
34.41023
28.45056
23.13043
16.91029
9.960133
22.62042
20.75038
18.69033
16.46028
15.07025
12.6902
11.75017
30.82061
25.24048
30.61061
23.82045
17.1403
12.7002
11.60017
29.31058
22.48042
15.75027
12.52019
11.44017
18.75033
13.92022
12.7002
12.10018
32.42057
28.56056
24.61047
19.98036
15.59026
12.19018
13.15021
32.04063
27.15053
22.24041
18.02032
12.7602
11.24016
31.36062
27.66054
23.12043
18.83034
10.19014
32.14061
32.98047
26.24051
19.83036
13.91022
10.68015
32.35058
25.64049
19.02034
11.60017
10.76015
30.83061
28.25055
25.62049
22.93043
20.33037
17.67031
14.88025
13.39021
11.55017
11.14016
31.85063
25.8005
19.80036
13.55021
12.13018
32.2106
29.70058
26.81052
24.15046
21.7004
22.12041
19.92036
17.04029
14.36023
11.74017
10.02013
9.940132
25.53049
9.810129
34.39024
32.30059
29.72058
27.20053
24.59047
21.96041
19.53035
17.1303
14.32023
13.71022
25.8005
16.49028
15.01025
12.25019
10.10014
10.23014
36.02996
33.64036
31.47062
29.21057
26.88052
24.51047
22.21041
20.34037
18.25032
15.87027
13.46021
11.53017
33.64036
31.31062
28.75056
26.32051
21.7504
17.78031
13.27021
12.32019
28.20055
15.09025
10.89015
34.0203
29.77059
25.61049
21.4604
17.63031
13.18021
11.82018
22.30042
34.32025
30.1706
14.00023
13.86022
10.74015
10.59015
28.17055
24.56047
21.34039
17.3103
13.46021
11.08016
21.35039
17.1503
13.29021
13.83022
13.51021
34.38024
30.91061
26.73052
22.77043
18.85034
10.32014
32.38057
22.85043
13.74022
11.45017
27.30053
17.4603
11.56017
27.96054
18.70033
11.74017
31.00061
21.08039
16.25028
13.39021
12.62019
9.83013
12.8302
33.4204
31.31062
29.26057
27.08052
24.77047
22.00041
20.77038
17.3103
14.97025
13.96022
10.37014
33.62037
30.3206
27.49053
25.00048
20.70038
15.21025
11.12016
10.48014
31.54063
26.2305
23.19044
20.67038
18.17032
15.85027
13.55021
10.38014
32.34058
29.79059
27.42053
18.79033
11.46017
33.3904
29.11057
25.42049
21.96041
18.14032
14.67024
12.54019
32.69052
24.94048
17.3603
13.0802
36.80983
32.77051
28.96057
25.9905
22.15041
18.66033
13.69022
13.35021
10.44014
33.66036
33.00047
30.4306
27.76054
26.0405
23.07043
20.48037
17.70031
14.77024
13.88022
10.48014
11.71017
20.19037
15.49026
11.83018
13.25021
10.08014
32.71052
27.92054
23.32044
18.62033
13.80022
13.0702
29.39058
24.55047
21.06039
16.39028
11.80017
10.90015
35.2201
30.2806
25.53049
20.71038
15.66026
32.86049
10.12014
10.79015
13.1002
10.61015
10.63015
10.08014
10.13014
33.35041
30.69061
28.51056
26.26051
23.74045
20.99039
18.57033
16.92029
14.28023
12.24018
11.62017
23.43044
31.90063
29.37058
26.90052
24.97048
18.18032
13.45021
35.39007
31.36062
27.48053
23.89045
19.82036
15.91027
11.99018
12.67019
34.43023
28.29055
21.8104
14.97025
10.39014
33.33041
29.84059
25.8105
21.99041
18.34032
14.81024
32.55054
23.89045
21.5404
19.62035
17.3003
10.01013
12.04018
9.85013
31.35062
29.30058
26.95052
24.83047
22.68042
20.09036
17.50031
15.25025
13.38021
16.54028
13.67022
13.40021
32.90049
28.98057
25.26048
21.27039
17.3503
13.57022
11.67017
30.3806
23.34044
16.51028
9.980133
35.24009
31.43062
27.55054
23.83045
19.68036
15.63026
35.45006
27.50053
25.49049
23.36044
21.07039
18.95034
16.63029
14.59024
13.51021
13.36021
10.89015
32.28059
29.93059
27.58054
25.60049
23.98045
21.4904
19.37035
17.0803
14.94025
12.60019
12.68019
13.36021
11.29016
12.34019
34.91015
26.68052
18.96034
12.05018
11.00016
34.35024
30.93061
27.55054
23.97045
20.33037
17.01029
13.35021
12.57019
10.87015
26.31051
19.15034
11.40017
30.88061
27.28053
23.69045
12.43019
35.48005
26.0205
16.30028
9.700127
14.17023
11.15016
13.89022
11.86018
31.00061
29.47058
27.35053
25.28048
23.22044
21.16039
19.56035
17.01029
14.63024
13.16021
10.77015
31.82063
28.13055
24.69047
20.67038
15.15025
12.65019
11.04016
32.12062
28.25055
25.9605
23.59044
22.07041
19.41035
16.99029
15.08025
32.35058
29.08057
22.21041
19.06034
15.85027
13.71022
10.53015
13.83022
33.24043
25.34048
17.89031
12.9602
33.61037
30.70061
27.84054
25.36049
22.43042
19.67035
16.67029
13.45021
10.41014
34.76017
26.98052
19.82036
36.84982
33.80033
31.26062
28.73056
25.9205
23.82045
21.05039
18.92034
16.32028
14.62024
11.48017
10.83015
31.66063
29.03057
26.78052
24.07046
21.5804
19.20034
16.61028
14.06023
11.90018
10.00013
10.85015
10.16014
12.7902
10.98016
9.660126
29.99059
26.87052
24.49047
20.87038
17.3103
14.01023
10.87015
10.46014
32.97047
29.67058
26.82052
23.58044
17.4303
11.56017
11.66017
29.92059
22.57042
11.75017
31.60063
28.65056
26.1805
23.35044
20.96038
18.04032
14.96025
12.14018
10.84015
23.01043
11.72017
34.5902
31.50063
28.51056
25.39049
23.32044
20.13037
17.3803
15.36026
12.39019
27.92054
15.13025
12.14018
32.43056
26.0205
19.08034
12.7602
13.71022
34.94014
27.93054
21.09039
13.88022
11.26016
31.05062
24.10046
17.67031
13.61022
11.27016
11.37016
31.88063
35.2201
33.28042
30.71061
28.23055
26.27051
23.84045
21.7304
19.40035
16.84029
14.25023
12.39019
13.73022
33.71035
31.21062
29.15057
26.98052
24.78047
22.38042
20.11036
14.21023
11.34016
31.50063
26.77052
22.28041
16.99029
11.97018
10.05013
10.27014
13.38021
11.87018
31.90063
33.70035
30.60061
27.89054
24.91047
21.7604
19.00034
16.67029
13.63022
13.61022
11.53017
32.13062
32.57054
29.93059
26.87052
24.08046
21.5104
29.80059
26.67052
22.94043
19.59035
15.83027
12.8002
11.24016
35.70002
32.2406
28.47056
25.21048
21.4704
17.90031
14.73024
11.05016
17.3903
15.06025
13.41021
10.52015
10.28014
19.57035
10.21014
36.76984
33.85033
31.59063
28.81056
25.9605
23.37044
20.56038
17.81031
16.18027
13.30021
13.17021
16.94029
11.32016
10.16014
10.67015
34.12028
30.5606
27.75054
25.24048
22.82043
20.71038
18.26032
15.72026
13.92022
11.06016
33.38041
31.23062
28.94057
27.39053
24.94048
22.22041
18.93034
13.0402
11.37016
9.630125
34.44023
29.30058
23.78045
20.63038
17.3303
14.20023
11.58017
10.85015
31.71063
29.30058
27.11053
35.82
28.17055
20.74038
13.41021
13.27021
11.27016
11.85018
30.07059
31.40062
26.96052
22.78043
18.48033
14.03023
11.32016
11.25016
30.68061
26.93052
22.68042
18.27032
13.54021
13.22021
29.63058
26.85052
24.05046
21.04039
17.90031
14.58024
11.90018
10.07014
10.25014
34.6302
29.76059
24.95048
20.34037
15.97027
12.47019
11.87018
30.61061
27.38053
24.51047
21.94041
18.35032
15.26025
12.64019
12.13018
30.89061
26.75052
17.78031
13.0202
11.04016
24.89047
13.24021
10.65015
36.33991
32.06063
28.30055
23.91045
19.58035
15.33026
11.08016
14.24023
22.41042
12.6902
10.39014
32.01064
27.70054
23.20044
20.20037
17.3203
14.54024
11.97018
12.45019
36.17994
33.15044
30.09059
27.25053
24.04045
11.97018
11.93018
22.63042
19.45035
16.43028
13.79022
11.73017
32.2006
29.25057
26.42051
18.60033
12.60019
13.37021
31.36062
25.70049
19.38035
13.57022
12.01018
32.52055
23.47044
10.51015
14.38023
11.73017
26.26051
21.6104
16.08027
11.31016
13.0702
29.72058
19.46035
10.49014
31.91063
26.90052
21.6904
16.28028
10.83015
12.9502
33.17044
23.13043
18.41033
16.22028
13.65022
10.85015
9.930132
11.72017
32.26059
30.07059
27.89054
25.41049
22.65042
20.23037
18.36032
16.36028
13.52021
12.24018
11.88018
25.34048
9.990133
12.8702
20.64038
17.72031
13.44021
10.73015
11.49017
34.27026
31.62063
28.95057
26.86052
24.10046
21.33039
18.60033
16.40028
13.58022
12.22018
32.46056
28.84056
24.64047
20.58038
15.76027
11.96018
35.53004
32.62053
29.63058
26.73052
10.94016
26.1805
12.7902
32.96048
12.55019
10.97016
29.07057
24.95048
23.04043
21.05039
20.15037
17.87031
15.67026
13.53021
13.32021
12.7102
34.05029
30.68061
28.05055
24.49047
21.02039
16.27028
12.9502
11.81017
10.47014
33.46039
30.04059
27.29053
25.06048
23.63045
21.27039
18.77033
15.56026
12.8802
10.42014
30.79061
27.03052
23.55044
20.03036
13.69022
9.970133
9.990133
35.99997
28.52056
23.37044
19.40035
14.71024
10.03013
34.27026
31.06062
28.07055
24.84047
21.6504
18.62033
15.47026
12.8402
10.72015
36.60986
31.78063
27.28053
22.52042
17.55031
13.0902
11.14016
34.36024
30.95061
27.62054
24.83047
19.17034
15.79027
12.26019
13.44021
10.37014
21.7804
18.50033
16.12027
12.57019
13.85022
10.39014
11.95018
9.810129
11.70017
11.88018
34.20027
31.07062
27.09052
23.21044
19.47035
15.99027
12.40019
11.59017
23.05043
33.54038
30.07059
26.32051
22.67042
10.41014
11.23016
27.33053
14.52024
10.02013
17.60031
21.88041
19.14034
16.84029
14.12023
13.48021
12.43019
11.58017
23.25044
11.80017
33.4104
30.5306
28.44056
25.67049
22.92043
20.22037
17.54031
14.75024
11.79017
12.59019
18.46033
33.27042
30.4206
22.16041
13.69022
13.41021
28.38055
20.63038
11.98018
16.21028
9.980133
33.62037
25.18048
17.51031
9.890131
11.26016
11.59017
33.07046
33.79034
28.71056
23.84045
19.22034
14.23023
12.49019
10.03013
29.34058
24.54047
31.89063
26.84052
21.7304
16.79029
13.0002
11.44017
31.42062
26.26051
21.00039
15.87027
11.87018
21.20039
18.78033
16.29028
14.01023
11.56017
10.10014
9.990133
34.77017
32.35058
29.85059
27.30053
24.99048
22.39042
20.64038
19.27035
16.65029
13.91022
11.01016
14.00023
34.6102
32.09062
12.32019
19.92036
15.68026
10.39014
12.42019
25.14048
11.04016
9.600124
32.43056
24.92048
22.19041
19.34035
16.23028
13.61022
10.92015
12.9402
37.26975
34.64019
32.39057
30.10059
27.23053
24.56047
21.17039
17.4703
14.08023
10.47014
32.51055
28.33055
24.45046
20.52037
16.94029
12.12018
10.41014
10.99016
34.79017
31.00061
27.24053
24.63047
22.31042
19.59035
15.20025
13.42021
10.15014
29.08057
26.89052
25.39049
22.30042
20.40037
17.4303
14.59024
12.68019
12.66019
29.19057
24.15046
20.28037
15.77027
11.97018
13.44021
35.50005
31.65063
29.09057
26.38051
23.91045
21.7104
19.12034
16.74029
13.74022
12.00018
32.8205
28.85056
24.43046
11.14016
13.23021
20.07036
16.11027
12.44019
11.64017
13.68022
32.16061
28.47056
23.98045
19.65035
15.25025
11.26016
12.6902
32.69052
28.78056
25.8205
21.7504
10.44014
16.65029
12.7402
11.83018
12.12018
28.82056
19.48035
11.29016
34.42023
30.60061
26.59051
22.75043
19.03034
15.31026
12.61019
10.85015
33.70035
23.81045
14.08023
11.70017
9.720127
32.2506
29.23057
16.44028
10.47014
35.79
33.54038
32.07063
29.68058
27.75054
25.55049
23.44044
21.02039
19.23034
16.89029
14.85024
12.25019
26.95052
15.35026
11.77017
35.02013
32.47056
30.10059
27.97054
26.87052
24.94048
22.44042
20.35037
10.96016
22.97043
16.19028
11.77017
29.05057
20.77038
12.29019
35.07012
27.99055
20.87038
14.70024
12.9302
35.40007
26.0305
10.62015
17.77031
15.17025
13.43021
11.37016
10.53015
21.40039
17.75031
14.12023
10.48014
12.00018
32.18061
28.69056
25.67049
22.12041
18.99034
15.64026
12.34019
11.17016
34.88015
31.11062
27.05052
22.96043
20.68038
18.44033
16.59028
14.51024
13.63022
10.85015
34.75018
32.56054
30.3306
28.18055
26.0405
23.95045
21.6604
19.63035
17.3503
15.32026
13.85022
13.41021
10.31014
11.92018
34.22026
31.90063
29.86059
33.11045
31.46062
28.62056
26.37051
23.84045
21.17039
18.65033
16.34028
14.17023
12.62019
10.83015
31.97064
30.12059
28.12055
25.36049
23.06043
20.58038
18.40033
11.80017
26.61051
25.02048
22.48042
19.65035
17.1203
14.84024
12.8102
13.29021
10.28014
33.21043
26.56051
20.37037
14.13023
10.23014
33.73035
31.15062
28.51056
27.06052
24.14046
21.37039
19.91036
17.2803
14.93025
12.20018
10.79015
34.37024
28.21055
21.94041
16.25028
12.05018
13.0702
10.10014
32.11062
29.74059
27.34053
10.48014
11.41017
13.14021
10.40014
34.54021
28.71056
24.36046
20.33037
16.48028
12.7902
10.64015
9.760128
27.72054
20.69038
14.03023
10.28014
29.02057
25.26048
21.36039
17.2303
13.1002
12.31019
32.67052
25.77049
16.86029
13.76022
11.51017
9.940132
9.910131
31.49063
28.21055
25.43049
21.8404
18.57033
15.22025
12.10018
10.22014
12.8002
34.84016
32.12062
28.61056
24.17046
21.41039
18.92034
16.38028
13.88022
11.18016
10.87015
34.11028
30.73061
27.53053
23.79045
20.04036
15.94027
11.43017
10.33014
33.83033
30.14059
27.26053
24.50047
21.88041
18.37033
16.04027
13.0902
11.48017
10.08014
31.79063
28.68056
25.05048
21.4304
18.17032
31.57063
26.50051
23.98045
21.6304
19.57035
17.58031
15.28025
13.37021
13.94022
11.55017
27.45053
10.01013
32.98047
30.89061
28.31055
26.1105
23.95045
22.44042
20.16037
17.51031
15.16025
13.0502
11.81017
25.62049
14.16023
11.72017
11.27016
9.950132
10.27014
31.80063
29.92059
28.05055
25.8705
23.48044
21.5204
19.49035
17.1103
14.99025
12.8702
10.75015
11.48017
11.93018
12.48019
35.04013
33.02047
25.52049
18.35032
10.64015
33.91032
30.63061
27.53053
24.54047
21.4604
18.24032
15.09025
11.99018
10.12014
34.44023
26.70052
19.16034
11.77017
12.53019
33.77034
30.5606
27.03052
24.00045
29.88059
10.16014
9.880131
32.52055
29.15057
26.0505
23.07043
19.46035
17.3703
13.69022
11.82018
10.00013
19.21034
31.15062
27.93054
24.64047
21.7104
18.16032
14.80024
22.02041
19.12034
16.44028
14.15023
11.08016
13.25021
12.32019
31.85063
29.42058
26.33051
23.33044
21.03039
18.04032
15.23025
12.10018
12.12018
9.940132
10.42014
12.31019
10.10014
31.56063
25.50049
20.13037
14.36023
12.8002
34.84016
32.33058
29.82059
27.07052
24.59047
21.7204
19.05034
16.23028
13.70022
11.82018
11.26016
34.64019
28.86057
23.01043
17.55031
11.44017
13.66022
30.96061
27.80054
25.47049
22.72042
32.13062
29.50058
27.15053
24.92048
23.55044
20.97038
19.07034
17.03029
14.48024
12.02018
10.30014
14.67024
33.03046
31.13062
29.41058
27.18053
24.87047
22.80043
20.28037
17.92031
16.00027
13.72022
33.58037
28.36055
23.30044
18.01032
12.63019
13.67022
20.71038
32.95048
28.53056
23.04043
17.69031
12.36019
22.06041
19.10034
15.92027
12.9902
11.68017
12.03018
10.37014
13.65022
31.13062
27.76054
24.82047
22.00041
18.81034
15.74026
13.1202
12.26019
10.12014
21.7604
19.08034
16.55028
14.15023
11.55017
11.34016
12.23018
34.13028
31.62063
29.12057
26.79052
24.14046
21.41039
17.75031
14.83024
12.9902
10.77015
34.28025
30.5506
27.71054
25.39049
22.41042
17.98032
12.34019
9.770128
11.59017
32.33058
27.91054
23.94045
21.22039
18.63033
11.98018
31.21062
10.81015
29.78059
21.5004
12.8302
13.87022
17.1303
29.08057
20.13037
11.81017
32.31059
30.2806
28.35055
26.91052
24.96048
22.76043
20.49037
18.51033
16.92029
14.60024
12.67019
11.67017
30.5906
19.50035
12.7502
33.88032
31.48063
29.20057
27.23053
25.25048
23.06043
21.04039
18.88034
17.0903
14.74024
30.3006
18.64033
14.90025
11.30016
11.10016
11.14016
34.51022
29.68058
25.51049
20.92038
11.69017
21.24039
18.52033
15.09025
11.46017
11.10016
33.45039
29.50058
25.23048
12.03018
19.78036
16.90029
13.67022
10.45014
13.27021
33.19044
29.73059
26.0505
22.19041
18.06032
13.32021
11.01016
35.93998
32.18061
28.35055
23.73045
